function-id,function-lvl,cpu-cycles,event-0,event-1,event-2,event-3,event-4,event-5
stream_func,1,12945230612,12448887,2033,294301,1681,56489255,23836207
tuned_STREAM_Copy,2,41500076,43031,21,1364,7,197038,90445
tuned_STREAM_Scale,3,16022231,18117,9,581,2,85521,38543
tuned_STREAM_Triad,4,3445396,7991,5,201,2,34529,12091
tuned_STREAM_Triad,4,3474911,8243,0,209,0,35382,12139
tuned_STREAM_Add,3,16775007,24441,7,547,4,105242,35942
tuned_STREAM_Triad,4,3460933,8101,0,177,0,35589,11434
tuned_STREAM_Triad,4,3477104,8026,0,182,4,35730,12050
tuned_STREAM_Copy,2,41336528,43286,3,1012,3,197361,83447
tuned_STREAM_Scale,3,15906439,18571,1,429,3,83631,35463
tuned_STREAM_Triad,4,3410273,8109,0,152,0,33561,13214
tuned_STREAM_Triad,4,3448659,8197,1,160,3,34866,12807
tuned_STREAM_Add,3,16697280,24453,2,485,0,104317,35710
tuned_STREAM_Triad,4,3443350,8103,0,156,0,35175,10719
tuned_STREAM_Triad,4,3456127,8051,0,160,0,35445,12356
tuned_STREAM_Copy,2,41293691,42735,5,999,7,195411,83611
tuned_STREAM_Scale,3,15817618,17346,0,414,2,79435,35762
tuned_STREAM_Triad,4,3393003,8046,0,142,1,33168,12886
tuned_STREAM_Triad,4,3441341,8131,0,164,0,34670,12739
tuned_STREAM_Add,3,16783591,25044,4,483,3,106175,35968
tuned_STREAM_Triad,4,3448857,7853,2,151,0,35425,11364
tuned_STREAM_Triad,4,3465732,8130,0,173,0,35626,12397
tuned_STREAM_Copy,2,41432892,46458,3,1008,8,204516,83512
tuned_STREAM_Scale,3,15996985,21414,1,408,5,89292,35475
tuned_STREAM_Triad,4,3439974,8212,1,149,4,34293,15820
tuned_STREAM_Triad,4,3433653,8072,0,157,0,34882,12878
tuned_STREAM_Add,3,16726142,24792,2,501,3,105491,35923
tuned_STREAM_Triad,4,3448299,8124,0,163,3,35435,10709
tuned_STREAM_Triad,4,3447263,7921,0,160,0,35623,12465
tuned_STREAM_Copy,2,41318694,44578,3,1037,6,199843,83379
tuned_STREAM_Scale,3,15910762,19094,1,411,4,84098,35468
tuned_STREAM_Triad,4,3400704,7916,0,149,0,33655,13940
tuned_STREAM_Triad,4,3451014,8161,1,166,4,34711,12904
tuned_STREAM_Add,3,16750236,25211,2,523,2,105973,35955
tuned_STREAM_Triad,4,3445515,8123,0,183,0,35394,11166
tuned_STREAM_Triad,4,3455057,8102,0,179,2,35601,12441
tuned_STREAM_Copy,2,41233839,43408,1,1054,5,198234,83468
tuned_STREAM_Scale,3,15847184,18576,0,414,0,83856,35656
tuned_STREAM_Triad,4,3405706,8008,0,142,0,33802,14176
tuned_STREAM_Triad,4,3426843,7915,0,156,0,34840,12809
tuned_STREAM_Add,3,16708995,24532,1,525,5,104517,35780
tuned_STREAM_Triad,4,3454615,8114,0,174,1,35267,11062
tuned_STREAM_Triad,4,3449724,8212,0,176,0,35473,12444
tuned_STREAM_Copy,2,41346270,43723,0,1021,6,197616,83694
tuned_STREAM_Scale,3,15867322,18368,0,409,3,81564,35705
tuned_STREAM_Triad,4,3406861,8122,0,152,1,33043,13057
tuned_STREAM_Triad,4,3438017,8101,0,157,0,34750,12915
tuned_STREAM_Add,3,16763416,25097,0,502,3,106307,36015
tuned_STREAM_Triad,4,3457275,8032,0,169,3,35497,11314
tuned_STREAM_Triad,4,3448302,8051,0,173,0,35618,12427
tuned_STREAM_Copy,2,41310842,45252,0,1001,9,201884,83351
tuned_STREAM_Scale,3,15934934,20242,0,408,3,87248,35530
tuned_STREAM_Triad,4,3420738,8084,0,145,3,34067,15184
tuned_STREAM_Triad,4,3435038,7964,0,165,0,34805,12964
tuned_STREAM_Add,3,16712773,24727,0,493,5,104876,35873
tuned_STREAM_Triad,4,3441529,7989,0,155,0,35283,11120
tuned_STREAM_Triad,4,3455404,8160,0,173,5,35496,12532
tuned_STREAM_Copy,2,41303578,42139,0,1059,4,193398,83694
tuned_STREAM_Scale,3,15813781,16576,0,430,3,77362,35995
tuned_STREAM_Triad,4,3392024,7946,0,153,0,32669,11530
tuned_STREAM_Triad,4,3438931,7987,0,171,3,34763,12738
tuned_STREAM_Add,3,16767765,25235,0,521,0,106187,35859
tuned_STREAM_Triad,4,3448727,7903,0,166,0,35437,11387
tuned_STREAM_Triad,4,3460376,8077,0,176,0,35601,12436
tuned_STREAM_Copy,2,41203304,43677,0,1030,6,197961,83289
tuned_STREAM_Scale,3,15867067,18644,0,440,2,83082,35393
tuned_STREAM_Triad,4,3400481,7846,0,155,1,33128,13564
tuned_STREAM_Triad,4,3435573,8051,0,168,0,34641,12909
tuned_STREAM_Add,3,16706652,24743,0,497,2,105033,35842
tuned_STREAM_Triad,4,3446800,8026,0,166,0,35231,10864
tuned_STREAM_Triad,4,3444744,7981,0,162,0,35477,12529
tuned_STREAM_Copy,2,41502113,46351,0,1019,7,204368,83487
tuned_STREAM_Scale,3,15995285,20935,0,422,3,88166,35570
tuned_STREAM_Triad,4,3433221,8094,0,143,1,34160,15694
tuned_STREAM_Triad,4,3447076,8132,0,174,0,34823,12967
tuned_STREAM_Add,3,16793930,25135,0,479,4,106345,35926
tuned_STREAM_Triad,4,3451978,8019,0,149,3,35512,11167
tuned_STREAM_Triad,4,3467013,8070,0,174,0,35674,12426
tuned_STREAM_Copy,2,41230196,42288,0,1021,6,194279,83666
tuned_STREAM_Scale,3,15806020,17286,0,400,3,79486,35859
tuned_STREAM_Triad,4,3391248,8053,0,139,3,32737,12245
tuned_STREAM_Triad,4,3434106,8004,0,159,0,34790,12884
tuned_STREAM_Add,3,16710799,24738,0,515,3,105108,35823
tuned_STREAM_Triad,4,3444764,8033,0,177,0,35338,11261
tuned_STREAM_Triad,4,3450242,8135,0,164,3,35565,12428
tuned_STREAM_Copy,2,41314229,43992,0,1028,3,198598,83518
tuned_STREAM_Scale,3,15899514,18880,0,404,3,83599,35589
tuned_STREAM_Triad,4,3410085,8022,0,143,0,33517,13760
tuned_STREAM_Triad,4,3435995,8072,0,165,3,34709,13015
tuned_STREAM_Add,3,16745582,24840,0,513,0,105219,35899
tuned_STREAM_Triad,4,3443730,8084,0,173,0,35266,11168
tuned_STREAM_Triad,4,3464781,8066,0,166,0,35529,12517
tuned_STREAM_Copy,2,41355814,44215,0,1006,7,200079,83449
tuned_STREAM_Scale,3,15900975,18946,0,417,2,84760,35498
tuned_STREAM_Triad,4,3415839,7993,0,158,1,33779,14163
tuned_STREAM_Triad,4,3435135,8031,0,158,0,34754,12933
tuned_STREAM_Add,3,16743031,24938,0,485,3,105411,35881
tuned_STREAM_Triad,4,3442377,8128,0,162,1,35335,10996
tuned_STREAM_Triad,4,3459106,8124,0,158,0,35536,12540
tuned_STREAM_Copy,2,41198050,42939,0,1010,6,195231,83513
tuned_STREAM_Scale,3,15835028,18310,0,408,3,81450,35673
tuned_STREAM_Triad,4,3399514,8194,0,150,3,32999,13038
tuned_STREAM_Triad,4,3429732,8057,0,160,0,34665,12975
tuned_STREAM_Add,3,16711115,24136,0,495,3,103886,35845
tuned_STREAM_Triad,4,3452588,8075,0,161,3,35142,10979
tuned_STREAM_Triad,4,3456847,8080,0,169,0,35378,12505
tuned_STREAM_Copy,2,41210248,42794,0,1033,7,196254,83460
tuned_STREAM_Scale,3,15829008,18290,0,432,3,81776,35746
tuned_STREAM_Triad,4,3388490,7942,0,160,0,33082,13184
tuned_STREAM_Triad,4,3430478,7989,0,166,3,34747,13081
tuned_STREAM_Add,3,16702013,24204,0,503,4,104537,35857
tuned_STREAM_Triad,4,3440041,8030,0,183,0,35204,10922
tuned_STREAM_Triad,4,3455321,7993,0,160,3,35468,12552
tuned_STREAM_Copy,2,41157539,41753,0,1039,3,193391,83662
tuned_STREAM_Scale,3,15778113,17071,0,421,1,78696,36022
tuned_STREAM_Triad,4,3381139,7969,0,149,0,32410,12190
tuned_STREAM_Triad,4,3430164,7935,0,166,0,34817,12965
tuned_STREAM_Add,3,16676746,24419,0,509,2,104781,35686
tuned_STREAM_Triad,4,3439953,8034,0,172,0,35246,10982
tuned_STREAM_Triad,4,3442825,7955,0,176,0,35482,12474
tuned_STREAM_Copy,2,41364668,43990,0,1011,6,199092,83579
tuned_STREAM_Scale,3,15881992,18766,0,430,2,83513,35698
tuned_STREAM_Triad,4,3398308,8017,0,150,0,33471,13773
tuned_STREAM_Triad,4,3445375,8054,0,165,0,34735,13071
tuned_STREAM_Add,3,16801490,24957,0,494,4,105753,35927
tuned_STREAM_Triad,4,3464709,8035,0,174,3,35449,11014
tuned_STREAM_Triad,4,3464037,8004,0,162,0,35611,12447
tuned_STREAM_Copy,2,41261994,42986,0,987,6,196874,83333
tuned_STREAM_Scale,3,15853253,18529,0,396,2,82979,35685
tuned_STREAM_Triad,4,3401782,8104,0,141,2,33308,13489
tuned_STREAM_Triad,4,3429808,7923,0,154,0,34690,12940
tuned_STREAM_Add,3,16706532,24129,0,491,4,104132,35734
tuned_STREAM_Triad,4,3444531,8011,0,171,0,35231,11205
tuned_STREAM_Triad,4,3454201,8100,0,157,3,35448,12474
tuned_STREAM_Copy,2,41248277,43586,0,1054,3,198043,83373
tuned_STREAM_Scale,3,15902021,19002,0,425,3,83817,35650
tuned_STREAM_Triad,4,3412679,8100,0,153,0,33570,13745
tuned_STREAM_Triad,4,3439079,8107,0,167,3,34782,12974
tuned_STREAM_Add,3,16708456,24308,0,531,0,104468,35790
tuned_STREAM_Triad,4,3448749,8020,0,182,0,35309,10361
tuned_STREAM_Triad,4,3454163,8084,0,170,0,35532,12511
tuned_STREAM_Copy,2,41250137,45169,0,1035,4,201594,83179
tuned_STREAM_Scale,3,15922008,20798,0,428,0,87803,35561
tuned_STREAM_Triad,4,3418119,8160,0,150,0,34104,15414
tuned_STREAM_Triad,4,3430526,8108,0,168,0,34813,12920
tuned_STREAM_Add,3,16670267,24085,0,513,2,104032,35706
tuned_STREAM_Triad,4,3443982,7966,0,177,0,35283,10849
tuned_STREAM_Triad,4,3431808,7644,0,172,0,34649,12395
tuned_STREAM_Copy,2,41370046,44267,0,1038,6,199292,83213
tuned_STREAM_Scale,3,15914509,19171,0,426,3,84292,35467
tuned_STREAM_Triad,4,3412839,7999,0,153,3,33659,13975
tuned_STREAM_Triad,4,3443375,8130,0,159,0,34694,12924
tuned_STREAM_Add,3,16721107,24835,0,524,3,105271,35855
tuned_STREAM_Triad,4,3431147,7956,0,166,3,35259,11116
tuned_STREAM_Triad,4,3462192,7984,0,187,0,35496,12425
tuned_STREAM_Copy,2,41298073,44627,0,1026,9,200160,83434
tuned_STREAM_Scale,3,15887822,19417,0,433,5,84359,35610
tuned_STREAM_Triad,4,3412108,8156,0,157,0,33631,14090
tuned_STREAM_Triad,4,3429957,8141,0,175,5,34696,12989
tuned_STREAM_Add,3,16754171,24925,0,500,3,106031,35950
tuned_STREAM_Triad,4,3446658,7925,0,172,0,35408,11107
tuned_STREAM_Triad,4,3458561,7988,0,165,3,35595,12511
tuned_STREAM_Copy,2,41217587,42825,0,1047,4,196207,83276
tuned_STREAM_Scale,3,15819701,18449,0,438,0,82886,35729
tuned_STREAM_Triad,4,3389825,8098,0,163,0,33425,13576
tuned_STREAM_Triad,4,3426955,7940,0,160,0,34755,12951
tuned_STREAM_Add,3,16695388,24094,0,505,4,103569,35699
tuned_STREAM_Triad,4,3436707,8113,0,173,1,35165,11193
tuned_STREAM_Triad,4,3460095,8096,0,159,0,35432,12427
tuned_STREAM_Copy,2,41301214,43538,0,1040,7,197525,83313
tuned_STREAM_Scale,3,15859796,18427,0,423,3,82647,35526
tuned_STREAM_Triad,4,3380427,7597,0,156,1,32585,13930
tuned_STREAM_Triad,4,3451987,8080,0,167,0,34544,12824
tuned_STREAM_Add,3,16773098,24828,0,501,3,105045,35863
tuned_STREAM_Triad,4,3450237,8000,0,175,3,35184,11305
tuned_STREAM_Triad,4,3473510,8244,0,161,0,35442,12448
tuned_STREAM_Copy,2,41235140,43599,0,1017,8,196821,83210
tuned_STREAM_Scale,3,15880628,19237,0,426,3,83290,35571
tuned_STREAM_Triad,4,3403906,8061,0,139,3,33409,13749
tuned_STREAM_Triad,4,3429178,8201,0,179,0,34603,13044
tuned_STREAM_Add,3,16682215,24072,0,486,4,103700,35719
tuned_STREAM_Triad,4,3440377,7958,0,159,0,35078,10956
tuned_STREAM_Triad,4,3450455,8077,0,171,4,35345,12496
tuned_STREAM_Copy,2,41374852,44462,0,995,4,199997,83373
tuned_STREAM_Scale,3,15901532,19393,0,413,4,85014,35576
tuned_STREAM_Triad,4,3420464,8100,0,150,0,33824,14234
tuned_STREAM_Triad,4,3427120,7970,0,155,3,34791,12881
tuned_STREAM_Add,3,16755743,24814,0,482,0,105219,35892
tuned_STREAM_Triad,4,3450689,8033,0,169,0,35358,11150
tuned_STREAM_Triad,4,3461883,8041,0,154,0,35532,12455
tuned_STREAM_Copy,2,41380482,45700,0,1028,7,202115,83416
tuned_STREAM_Scale,3,15963417,20219,0,434,1,86575,35449
tuned_STREAM_Triad,4,3430441,8046,0,154,1,33941,14923
tuned_STREAM_Triad,4,3441834,8024,0,170,0,34749,12919
tuned_STREAM_Add,3,16757336,25193,0,505,3,105701,35963
tuned_STREAM_Triad,4,3448070,8127,0,157,1,35341,11215
tuned_STREAM_Triad,4,3452253,8059,0,176,0,35557,12514
tuned_STREAM_Copy,2,41404989,44450,0,994,4,200013,83422
tuned_STREAM_Scale,3,15953289,19498,0,428,2,85058,35788
tuned_STREAM_Triad,4,3430528,8122,0,154,0,33916,14428
tuned_STREAM_Triad,4,3445806,8147,0,167,0,34793,12968
tuned_STREAM_Add,3,16743273,24667,0,477,2,105181,35829
tuned_STREAM_Triad,4,3454157,7979,0,157,2,35307,11106
tuned_STREAM_Triad,4,3453198,8036,0,162,0,35535,12563
tuned_STREAM_Copy,2,41257373,42355,0,1026,6,195381,83265
tuned_STREAM_Scale,3,15865329,18334,0,428,3,82534,35656
tuned_STREAM_Triad,4,3400047,7925,0,133,3,33369,13384
tuned_STREAM_Triad,4,3440746,8080,0,189,0,34770,12862
tuned_STREAM_Add,3,16664292,23767,0,484,3,103059,35706
tuned_STREAM_Triad,4,3442656,8158,0,170,0,34996,11152
tuned_STREAM_Triad,4,3457357,8065,0,157,3,35318,12523
tuned_STREAM_Copy,2,41184187,44126,0,1075,2,198641,82994
tuned_STREAM_Scale,3,15886578,19720,0,434,2,85148,35447
tuned_STREAM_Triad,4,3406939,8039,0,153,0,33617,14556
tuned_STREAM_Triad,4,3425953,7904,0,170,2,34581,12980
tuned_STREAM_Add,3,16640333,24121,0,520,0,103490,35695
tuned_STREAM_Triad,4,3416024,7644,0,191,0,34178,10839
tuned_STREAM_Triad,4,3449303,8086,0,163,0,35262,12470
tuned_STREAM_Copy,2,41425131,44158,0,1046,7,199606,83479
tuned_STREAM_Scale,3,15916491,18732,0,434,3,83616,35701
tuned_STREAM_Triad,4,3408529,8000,0,160,1,33585,13748
tuned_STREAM_Triad,4,3451743,8028,0,158,0,34760,12928
tuned_STREAM_Add,3,16771447,25174,0,510,4,106239,35935
tuned_STREAM_Triad,4,3456357,8038,0,177,4,35496,11251
tuned_STREAM_Triad,4,3456076,8108,0,165,0,35613,12374
tuned_STREAM_Copy,2,41259204,43797,0,1061,7,199506,83259
tuned_STREAM_Scale,3,15890958,19385,0,435,4,85458,35504
tuned_STREAM_Triad,4,3401937,7984,0,147,3,33888,14356
tuned_STREAM_Triad,4,3440172,7955,0,178,0,34756,12913
tuned_STREAM_Add,3,16716201,24133,0,524,3,104226,35743
tuned_STREAM_Triad,4,3451170,8003,0,187,3,35236,10920
tuned_STREAM_Triad,4,3457572,8015,0,173,0,35479,12519
tuned_STREAM_Copy,2,41355094,44491,0,995,5,199899,83273
tuned_STREAM_Scale,3,15945489,20281,0,410,2,86409,35676
tuned_STREAM_Triad,4,3418814,8163,0,145,0,34006,14970
tuned_STREAM_Triad,4,3445054,8051,0,158,2,34827,12970
tuned_STREAM_Add,3,16704281,23906,0,496,3,103611,35732
tuned_STREAM_Triad,4,3448121,8010,0,170,0,35125,11035
tuned_STREAM_Triad,4,3455407,8076,0,156,3,35435,12575
tuned_STREAM_Copy,2,41336985,43425,0,1014,3,197782,83138
tuned_STREAM_Scale,3,15929888,19332,0,419,1,84611,35568
tuned_STREAM_Triad,4,3430618,8064,0,148,0,33685,14050
tuned_STREAM_Triad,4,3433384,8045,0,157,0,34770,13095
tuned_STREAM_Add,3,16689355,23845,0,494,2,103232,35590
tuned_STREAM_Triad,4,3448036,8058,0,164,0,35100,10637
tuned_STREAM_Triad,4,3454520,8180,0,170,0,35372,12568
tuned_STREAM_Copy,2,41262901,42637,0,1073,7,195142,83351
tuned_STREAM_Scale,3,15840147,18149,0,439,3,81016,35800
tuned_STREAM_Triad,4,3394402,7934,0,151,0,32995,13116
tuned_STREAM_Triad,4,3429382,8082,0,175,0,34716,12975
tuned_STREAM_Add,3,16705490,24205,0,525,4,104252,35757
tuned_STREAM_Triad,4,3447546,8137,0,193,3,35178,10766
tuned_STREAM_Triad,4,3457301,7971,0,170,0,35428,12488
tuned_STREAM_Copy,2,41217693,41909,0,1035,7,193713,83658
tuned_STREAM_Scale,3,15808197,17534,0,429,2,79633,35947
tuned_STREAM_Triad,4,3390006,8120,0,146,2,32667,12451
tuned_STREAM_Triad,4,3433276,7992,0,178,0,34835,12940
tuned_STREAM_Add,3,16691366,23904,0,516,4,104049,35820
tuned_STREAM_Triad,4,3443127,7954,0,167,0,35194,11440
tuned_STREAM_Triad,4,3457551,7988,0,183,3,35429,12402
tuned_STREAM_Copy,2,41249160,43379,0,1006,3,196688,83497
tuned_STREAM_Scale,3,15844380,18140,0,402,3,81629,35591
tuned_STREAM_Triad,4,3396403,8001,0,139,0,33051,13082
tuned_STREAM_Triad,4,3434920,8027,0,159,3,34677,13015
tuned_STREAM_Add,3,16753383,24953,0,504,0,105104,35906
tuned_STREAM_Triad,4,3449487,8045,0,178,0,35222,11071
tuned_STREAM_Triad,4,3461862,8121,0,166,0,35499,12526
tuned_STREAM_Copy,2,41252862,41985,0,1047,5,194656,83705
tuned_STREAM_Scale,3,15819459,17217,0,429,0,80168,35920
tuned_STREAM_Triad,4,3393798,7907,0,151,0,33230,12879
tuned_STREAM_Triad,4,3437310,7957,0,167,0,34830,12817
tuned_STREAM_Add,3,16740831,24461,0,516,3,104712,35824
tuned_STREAM_Triad,4,3456673,8095,0,174,0,35298,11292
tuned_STREAM_Triad,4,3451119,7924,0,164,0,35534,12466
tuned_STREAM_Copy,2,41312512,43430,0,1017,6,198193,83403
tuned_STREAM_Scale,3,15870263,18727,0,411,4,84049,35520
tuned_STREAM_Triad,4,3416945,7966,0,167,4,33687,13807
tuned_STREAM_Triad,4,3422510,7934,0,151,0,34766,12855
tuned_STREAM_Add,3,16733688,24456,0,494,2,104397,35854
tuned_STREAM_Triad,4,3453026,8153,0,150,2,35247,11209
tuned_STREAM_Triad,4,3457641,8097,0,179,0,35493,12512
tuned_STREAM_Copy,2,41312588,44389,0,1022,8,200373,83454
tuned_STREAM_Scale,3,15910085,19468,0,397,4,85194,35520
tuned_STREAM_Triad,4,3411386,7987,0,151,0,33722,14584
tuned_STREAM_Triad,4,3438990,8011,0,146,4,34714,12988
tuned_STREAM_Add,3,16730673,24632,0,506,3,105286,36006
tuned_STREAM_Triad,4,3448184,8013,0,165,0,35311,11249
tuned_STREAM_Triad,4,3452592,7975,0,160,2,35526,12581
tuned_STREAM_Copy,2,41290147,43029,0,1047,5,196408,83592
tuned_STREAM_Scale,3,15825024,17726,0,431,0,80806,35885
tuned_STREAM_Triad,4,3392845,7865,0,154,0,32961,12868
tuned_STREAM_Triad,4,3433599,7995,0,163,0,34739,12950
tuned_STREAM_Add,3,16751348,24844,0,507,5,105644,35913
tuned_STREAM_Triad,4,3452204,8022,0,179,1,35378,11194
tuned_STREAM_Triad,4,3452753,8042,0,163,0,35584,12456
tuned_STREAM_Copy,2,41252671,43519,0,1031,10,197039,83747
tuned_STREAM_Scale,3,15888840,18435,0,438,3,82082,35698
tuned_STREAM_Triad,4,3411302,8005,0,148,0,33207,13245
tuned_STREAM_Triad,4,3436124,8160,0,181,0,34750,12977
tuned_STREAM_Add,3,16726202,24804,0,490,6,105111,35979
tuned_STREAM_Triad,4,3447310,8095,0,172,4,35305,11344
tuned_STREAM_Triad,4,3448703,7969,0,162,1,35526,12527
tuned_STREAM_Copy,2,41252480,42134,0,989,6,194688,83639
tuned_STREAM_Scale,3,15784863,16651,0,388,3,78502,35810
tuned_STREAM_Triad,4,3393010,7906,0,136,2,33232,12114
tuned_STREAM_Triad,4,3428347,7961,0,150,0,34787,12668
tuned_STREAM_Add,3,16778180,25180,0,510,3,106357,35956
tuned_STREAM_Triad,4,3452946,8055,0,156,0,35494,11376
tuned_STREAM_Triad,4,3461319,7989,0,166,3,35698,12409
tuned_STREAM_Copy,2,41138298,40816,0,1058,2,191592,83524
tuned_STREAM_Scale,3,15787689,16378,0,429,2,77511,35774
tuned_STREAM_Triad,4,3402004,8063,0,162,0,32969,11320
tuned_STREAM_Triad,4,3422225,7876,0,165,2,34721,12763
tuned_STREAM_Add,3,16666340,24166,0,521,0,104346,35736
tuned_STREAM_Triad,4,3443994,7971,0,179,0,35251,10649
tuned_STREAM_Triad,4,3432410,7671,0,173,0,34876,12477
tuned_STREAM_Copy,2,41298742,44835,0,1003,5,200409,82845
tuned_STREAM_Scale,3,15895065,19851,0,415,0,85687,35441
tuned_STREAM_Triad,4,3393995,7688,0,141,0,33144,15024
tuned_STREAM_Triad,4,3445764,8113,0,167,0,34604,12877
tuned_STREAM_Add,3,16722670,24694,0,486,2,104990,35671
tuned_STREAM_Triad,4,3445315,8006,0,161,0,35253,10794
tuned_STREAM_Triad,4,3454581,8099,0,170,0,35494,12319
tuned_STREAM_Copy,2,41280465,42985,0,1044,6,196004,83573
tuned_STREAM_Scale,3,15822177,17718,0,437,3,81074,35854
tuned_STREAM_Triad,4,3389722,8005,0,160,3,32992,12902
tuned_STREAM_Triad,4,3432029,8031,0,172,0,34770,12936
tuned_STREAM_Add,3,16740644,24930,0,507,3,105284,35834
tuned_STREAM_Triad,4,3454527,8138,0,175,3,35294,11298
tuned_STREAM_Triad,4,3455872,8089,0,173,0,35493,12436
tuned_STREAM_Copy,2,41283101,43587,0,1026,7,197701,83436
tuned_STREAM_Scale,3,15844205,18589,0,401,5,82932,35632
tuned_STREAM_Triad,4,3388118,7889,0,155,0,33423,13466
tuned_STREAM_Triad,4,3437007,8197,0,155,5,34743,13006
tuned_STREAM_Add,3,16767695,24719,0,516,2,104964,35886
tuned_STREAM_Triad,4,3441057,8105,0,172,0,35298,11289
tuned_STREAM_Triad,4,3480145,8136,0,180,2,35554,12474
tuned_STREAM_Copy,2,41268101,42655,0,1054,5,195413,83744
tuned_STREAM_Scale,3,15817821,17669,0,439,0,80014,35954
tuned_STREAM_Triad,4,3399351,8164,0,165,0,33144,12918
tuned_STREAM_Triad,4,3435346,8157,0,163,0,34859,12760
tuned_STREAM_Add,3,16755271,24686,0,512,5,105584,35881
tuned_STREAM_Triad,4,3454018,7939,0,170,1,35328,11349
tuned_STREAM_Triad,4,3454452,8152,0,183,0,35528,12481
tuned_STREAM_Copy,2,41352407,43864,0,1042,7,199051,83539
tuned_STREAM_Scale,3,15881593,18576,0,411,3,83440,35608
tuned_STREAM_Triad,4,3407007,8092,0,154,1,33522,13623
tuned_STREAM_Triad,4,3439577,8086,0,156,0,34749,12930
tuned_STREAM_Add,3,16748853,25040,0,532,4,105903,35972
tuned_STREAM_Triad,4,3455326,8028,0,184,4,35388,11250
tuned_STREAM_Triad,4,3454899,8002,0,168,0,35589,12464
tuned_STREAM_Copy,2,41304297,44686,0,1049,7,200297,83376
tuned_STREAM_Scale,3,15888277,19701,0,438,3,85308,35625
tuned_STREAM_Triad,4,3404484,8121,0,148,3,33811,14376
tuned_STREAM_Triad,4,3436889,8039,0,186,0,34786,13076
tuned_STREAM_Add,3,16739709,24680,0,499,4,105167,35829
tuned_STREAM_Triad,4,3448158,8086,0,155,0,35303,10796
tuned_STREAM_Triad,4,3461672,8067,0,171,4,35526,12490
tuned_STREAM_Copy,2,41306832,43549,0,1063,3,196710,83561
tuned_STREAM_Scale,3,15818348,18017,0,426,3,81376,35776
tuned_STREAM_Triad,4,3386743,7997,0,162,0,33109,13022
tuned_STREAM_Triad,4,3432746,8020,0,160,3,34717,13008
tuned_STREAM_Add,3,16764678,25195,0,520,0,105534,35931
tuned_STREAM_Triad,4,3446166,8095,0,164,0,35324,11075
tuned_STREAM_Triad,4,3464794,8158,0,176,0,35556,12533
tuned_STREAM_Copy,2,41056503,42685,0,1032,6,196531,83356
tuned_STREAM_Scale,3,15849803,18556,0,415,1,83313,35579
tuned_STREAM_Triad,4,3404616,7971,0,152,0,33507,14178
tuned_STREAM_Triad,4,3426975,8015,0,168,0,34758,12990
tuned_STREAM_Add,3,16613941,23805,0,522,2,103367,35821
tuned_STREAM_Triad,4,3445735,7927,0,176,0,35205,11217
tuned_STREAM_Triad,4,3410425,7532,0,178,0,34452,12455
tuned_STREAM_Copy,2,41244018,43227,0,1017,6,196816,83143
tuned_STREAM_Scale,3,15905314,19366,0,424,3,84311,35744
tuned_STREAM_Triad,4,3413294,8282,0,150,1,33809,14218
tuned_STREAM_Triad,4,3441841,8032,0,169,0,34786,12890
tuned_STREAM_Add,3,16635841,23583,0,504,3,102792,35637
tuned_STREAM_Triad,4,3428292,7906,0,163,3,35104,11065
tuned_STREAM_Triad,4,3457436,8163,0,177,0,35373,12540
tuned_STREAM_Copy,2,41360491,42952,0,1028,8,196179,83406
tuned_STREAM_Scale,3,15868398,18089,0,415,4,81642,35709
tuned_STREAM_Triad,4,3409841,8035,0,148,3,33145,12979
tuned_STREAM_Triad,4,3435665,8024,0,160,0,34736,12977
tuned_STREAM_Add,3,16757763,24614,0,497,4,104706,35816
tuned_STREAM_Triad,4,3449078,8007,0,168,0,35230,11241
tuned_STREAM_Triad,4,3468623,8051,0,165,3,35454,12467
tuned_STREAM_Copy,2,41316102,44260,0,1030,4,199294,83426
tuned_STREAM_Scale,3,15910914,19165,0,431,4,84040,35534
tuned_STREAM_Triad,4,3409487,7987,0,150,0,33548,13973
tuned_STREAM_Triad,4,3447248,8241,0,169,3,34714,12989
tuned_STREAM_Add,3,16719634,24810,0,490,0,105344,35974
tuned_STREAM_Triad,4,3439755,8072,0,164,0,35307,11468
tuned_STREAM_Triad,4,3458327,8059,0,157,0,35540,12397
tuned_STREAM_Copy,2,41246160,43954,0,1009,7,198645,83422
tuned_STREAM_Scale,3,15856084,18714,0,432,1,84021,35606
tuned_STREAM_Triad,4,3403938,7951,0,142,1,33697,13734
tuned_STREAM_Triad,4,3427284,8057,0,181,0,34790,12923
tuned_STREAM_Add,3,16685069,24888,0,479,3,104800,35770
tuned_STREAM_Triad,4,3437743,8232,0,159,3,35188,11075
tuned_STREAM_Triad,4,3446891,8034,0,159,0,35403,12485
tuned_STREAM_Copy,2,41266957,43132,0,1046,7,195891,83433
tuned_STREAM_Scale,3,15884853,18489,0,441,2,82163,35646
tuned_STREAM_Triad,4,3404457,8027,0,151,2,33283,13331
tuned_STREAM_Triad,4,3447100,8130,0,176,0,34647,13016
tuned_STREAM_Add,3,16712614,24362,0,511,4,103831,35871
tuned_STREAM_Triad,4,3444970,8040,0,161,0,35091,11171
tuned_STREAM_Triad,4,3465130,8165,0,186,4,35370,12607
tuned_STREAM_Copy,2,41324010,43298,0,1044,6,197433,83379
tuned_STREAM_Scale,3,15872744,18180,0,415,3,82587,35678
tuned_STREAM_Triad,4,3399114,7999,0,157,0,33402,13678
tuned_STREAM_Triad,4,3448804,7967,0,156,3,34722,12830
tuned_STREAM_Add,3,16740738,24827,0,526,3,104904,35827
tuned_STREAM_Triad,4,3450276,8102,0,180,0,35250,10907
tuned_STREAM_Triad,4,3455194,8115,0,167,3,35490,12506
tuned_STREAM_Copy,2,41335604,43941,0,1034,2,198697,83195
tuned_STREAM_Scale,3,15889539,19195,0,428,0,84529,35583
tuned_STREAM_Triad,4,3418175,8024,0,159,0,33740,14023
tuned_STREAM_Triad,4,3421825,8049,0,166,0,34722,12904
tuned_STREAM_Add,3,16724329,24492,0,501,2,104441,35714
tuned_STREAM_Triad,4,3434703,8010,0,181,0,35216,11145
tuned_STREAM_Triad,4,3471398,8155,0,161,0,35445,12468
tuned_STREAM_Copy,2,41292305,44017,0,1011,6,198813,83257
tuned_STREAM_Scale,3,15921131,19761,0,422,1,85355,35618
tuned_STREAM_Triad,4,3417191,8015,0,152,0,33923,14971
tuned_STREAM_Triad,4,3441242,8203,0,164,0,34740,12874
tuned_STREAM_Add,3,16692102,23961,0,488,4,103632,35747
tuned_STREAM_Triad,4,3443837,8083,0,152,3,35075,10515
tuned_STREAM_Triad,4,3457964,8105,0,162,0,35385,12556
tuned_STREAM_Copy,2,41294083,43745,0,1015,6,197495,83323
tuned_STREAM_Scale,3,15847718,18641,0,425,3,82595,35693
tuned_STREAM_Triad,4,3397348,8192,0,169,3,33373,13402
tuned_STREAM_Triad,4,3433405,8001,0,164,0,34758,12975
tuned_STREAM_Add,3,16720785,24675,0,479,3,105028,35818
tuned_STREAM_Triad,4,3437219,8155,0,165,0,35319,11067
tuned_STREAM_Triad,4,3463706,7916,0,159,3,35522,12458
tuned_STREAM_Copy,2,41360655,42792,0,1004,3,196335,83439
tuned_STREAM_Scale,3,15905665,18463,0,416,3,82416,35691
tuned_STREAM_Triad,4,3397830,8021,0,135,0,33318,13356
tuned_STREAM_Triad,4,3461583,8052,0,171,3,34764,12920
tuned_STREAM_Add,3,16710256,24054,0,484,0,104162,35798
tuned_STREAM_Triad,4,3453556,8153,0,153,0,35243,11325
tuned_STREAM_Triad,4,3452396,7999,0,156,0,35486,12470
tuned_STREAM_Copy,2,41362581,45289,0,1075,7,201157,83280
tuned_STREAM_Scale,3,15949537,20341,0,443,2,86794,35743
tuned_STREAM_Triad,4,3420588,8206,0,156,1,34084,15194
tuned_STREAM_Triad,4,3450427,8139,0,172,0,34881,12946
tuned_STREAM_Add,3,16705040,24620,0,525,3,104454,35649
tuned_STREAM_Triad,4,3442099,8019,0,176,0,35250,10776
tuned_STREAM_Triad,4,3456506,8235,0,169,0,35469,12525
tuned_STREAM_Copy,2,41354511,43489,0,1029,6,198413,83372
tuned_STREAM_Scale,3,15878068,18674,0,432,3,83412,35627
tuned_STREAM_Triad,4,3405267,7993,0,152,3,33551,13654
tuned_STREAM_Triad,4,3437626,8093,0,181,0,34750,12914
tuned_STREAM_Add,3,16749521,24560,0,490,3,105251,35863
tuned_STREAM_Triad,4,3446181,8004,0,154,3,35303,11161
tuned_STREAM_Triad,4,3460542,7928,0,167,0,35530,12444
tuned_STREAM_Copy,2,41260913,43863,0,1042,6,197049,83236
tuned_STREAM_Scale,3,15812945,18376,0,415,3,81815,35456
tuned_STREAM_Triad,4,3386899,7701,0,140,0,32583,14348
tuned_STREAM_Triad,4,3429979,8102,0,176,3,34548,12772
tuned_STREAM_Add,3,16746972,24880,0,529,3,105385,35769
tuned_STREAM_Triad,4,3439704,7972,0,185,0,35262,11199
tuned_STREAM_Triad,4,3463601,8130,0,154,3,35542,12420
tuned_STREAM_Copy,2,41398202,43610,0,1009,6,197461,83727
tuned_STREAM_Scale,3,15878206,17854,0,399,0,81473,35803
tuned_STREAM_Triad,4,3408305,7912,0,140,0,33130,13086
tuned_STREAM_Triad,4,3441940,8054,0,156,0,34759,12982
tuned_STREAM_Add,3,16792034,25450,0,509,6,106247,36005
tuned_STREAM_Triad,4,3448773,8005,0,165,1,35454,11235
tuned_STREAM_Triad,4,3467977,8173,0,178,1,35635,12410
tuned_STREAM_Copy,2,41296044,45057,0,1064,5,201526,83447
tuned_STREAM_Scale,3,15913144,19885,0,449,2,86467,35517
tuned_STREAM_Triad,4,3417211,8108,0,163,0,34038,14731
tuned_STREAM_Triad,4,3433501,8100,0,170,0,34822,12935
tuned_STREAM_Add,3,16750585,24891,0,503,3,105220,35855
tuned_STREAM_Triad,4,3451072,8093,0,171,3,35367,11076
tuned_STREAM_Triad,4,3457752,8155,0,170,0,35479,12444
tuned_STREAM_Copy,2,41344827,44316,0,1026,7,199412,83364
tuned_STREAM_Scale,3,15890972,18951,0,440,3,84472,35709
tuned_STREAM_Triad,4,3407324,8046,0,159,3,33703,14059
tuned_STREAM_Triad,4,3439487,8080,0,174,0,34735,13068
tuned_STREAM_Add,3,16747720,24928,0,490,4,105224,35803
tuned_STREAM_Triad,4,3451244,8040,0,174,0,35289,11063
tuned_STREAM_Triad,4,3465009,8259,0,157,4,35526,12463
tuned_STREAM_Copy,2,41375681,44048,0,990,3,199382,83497
tuned_STREAM_Scale,3,15891910,18636,0,401,3,83864,35779
tuned_STREAM_Triad,4,3413828,8023,0,140,0,33668,13703
tuned_STREAM_Triad,4,3432866,7951,0,153,3,34851,13057
tuned_STREAM_Add,3,16767735,25161,0,490,0,105868,35865
tuned_STREAM_Triad,4,3451707,8013,0,176,0,35370,11211
tuned_STREAM_Triad,4,3454481,8140,0,150,0,35545,12483
tuned_STREAM_Copy,2,41250300,43492,0,993,7,196885,83453
tuned_STREAM_Scale,3,15818020,18275,0,414,3,81966,35632
tuned_STREAM_Triad,4,3390900,8089,0,135,1,33161,13277
tuned_STREAM_Triad,4,3428217,8047,0,169,0,34679,12977
tuned_STREAM_Add,3,16778839,24928,0,480,2,105091,35869
tuned_STREAM_Triad,4,3458199,8222,0,159,0,35274,11138
tuned_STREAM_Triad,4,3463509,8091,0,158,0,35499,12440
tuned_STREAM_Copy,2,41342366,44557,0,1030,7,200397,83691
tuned_STREAM_Scale,3,15884268,19003,0,424,3,84218,35658
tuned_STREAM_Triad,4,3411001,7922,0,165,1,33751,13942
tuned_STREAM_Triad,4,3434022,7998,0,160,0,34862,12938
tuned_STREAM_Add,3,16759606,25255,0,494,4,106403,36050
tuned_STREAM_Triad,4,3450759,8042,0,170,3,35526,11230
tuned_STREAM_Triad,4,3455255,8040,0,162,0,35685,12455
tuned_STREAM_Copy,2,41305975,42548,0,1031,7,194933,83832
tuned_STREAM_Scale,3,15836666,17711,0,408,5,80255,35773
tuned_STREAM_Triad,4,3395205,8009,0,135,3,32846,12548
tuned_STREAM_Triad,4,3439897,8207,0,172,1,34787,12827
tuned_STREAM_Add,3,16738060,24578,0,526,2,104943,36004
tuned_STREAM_Triad,4,3450371,8070,0,185,0,35324,11306
tuned_STREAM_Triad,4,3461407,8061,0,170,1,35552,12604
tuned_STREAM_Copy,2,41310990,45019,0,1029,3,201173,83301
tuned_STREAM_Scale,3,15917453,19763,0,428,3,85941,35592
tuned_STREAM_Triad,4,3412548,8071,0,147,0,33783,14792
tuned_STREAM_Triad,4,3438223,8024,0,170,3,34698,13068
tuned_STREAM_Add,3,16725231,24983,0,496,0,105502,35860
tuned_STREAM_Triad,4,3439651,7997,0,152,0,35247,11227
tuned_STREAM_Triad,4,3448863,8089,0,165,0,35478,12468
tuned_STREAM_Copy,2,41338996,43976,0,976,7,199185,83420
tuned_STREAM_Scale,3,15867507,18661,0,381,1,83878,35582
tuned_STREAM_Triad,4,3401125,7963,0,145,1,33659,13816
tuned_STREAM_Triad,4,3433474,7942,0,144,0,34743,12857
tuned_STREAM_Add,3,16751141,24840,0,503,4,105445,35928
tuned_STREAM_Triad,4,3447038,8026,0,165,1,35338,11073
tuned_STREAM_Triad,4,3454844,7983,0,175,0,35516,12485
tuned_STREAM_Copy,2,41275637,43742,0,1024,7,197712,83540
tuned_STREAM_Scale,3,15858494,18073,0,425,3,81757,35738
tuned_STREAM_Triad,4,3408781,8044,0,153,3,33229,13193
tuned_STREAM_Triad,4,3434844,8016,0,164,0,34696,12991
tuned_STREAM_Add,3,16771522,25382,0,501,4,106166,35971
tuned_STREAM_Triad,4,3446319,8036,0,161,3,35434,11293
tuned_STREAM_Triad,4,3459607,8149,0,175,0,35638,12444
tuned_STREAM_Copy,2,41412582,44565,0,1027,9,201458,83621
tuned_STREAM_Scale,3,15926942,19194,0,421,5,85263,35612
tuned_STREAM_Triad,4,3417996,8059,0,157,0,33986,14475
tuned_STREAM_Triad,4,3444419,8108,0,168,5,34884,12861
tuned_STREAM_Add,3,16773886,25077,0,499,4,106400,35933
tuned_STREAM_Triad,4,3442732,7925,0,173,0,35508,11215
tuned_STREAM_Triad,4,3467290,8100,0,166,3,35690,12360
tuned_STREAM_Copy,2,41305002,42819,0,1021,2,195273,83909
tuned_STREAM_Scale,3,15838865,17685,0,418,0,79842,35861
tuned_STREAM_Triad,4,3392730,8029,0,150,0,32828,12393
tuned_STREAM_Triad,4,3445566,8247,0,161,0,34782,12887
tuned_STREAM_Add,3,16741769,24878,0,490,2,105772,36014
tuned_STREAM_Triad,4,3450764,7937,0,173,0,35383,11353
tuned_STREAM_Triad,4,3449074,8088,0,154,0,35607,12528
tuned_STREAM_Copy,2,41412445,44198,0,1003,7,199194,83350
tuned_STREAM_Scale,3,15917344,19101,0,423,3,84336,35408
tuned_STREAM_Triad,4,3411448,8016,0,153,1,33671,14057
tuned_STREAM_Triad,4,3445851,8029,0,162,0,34701,12865
tuned_STREAM_Add,3,16749122,24812,0,487,3,104989,35861
tuned_STREAM_Triad,4,3443211,8131,0,163,3,35256,11246
tuned_STREAM_Triad,4,3468744,8111,0,167,0,35454,12435
tuned_STREAM_Copy,2,41238779,42782,0,1024,6,196147,83409
tuned_STREAM_Scale,3,15840808,18391,0,418,3,82249,35870
tuned_STREAM_Triad,4,3396852,8065,0,141,3,33346,13254
tuned_STREAM_Triad,4,3435930,8024,0,156,0,34748,13053
tuned_STREAM_Add,3,16692361,24070,0,504,3,104078,35728
tuned_STREAM_Triad,4,3440633,7889,0,171,0,35094,11230
tuned_STREAM_Triad,4,3454726,8007,0,165,3,35333,12482
tuned_STREAM_Copy,2,41270267,44628,0,1045,2,198602,83219
tuned_STREAM_Scale,3,15893986,19486,0,428,2,83849,35562
tuned_STREAM_Triad,4,3400791,8077,0,157,0,33474,13908
tuned_STREAM_Triad,4,3442871,8016,0,164,2,34631,13016
tuned_STREAM_Add,3,16726521,24858,0,507,0,104760,35776
tuned_STREAM_Triad,4,3440248,7974,0,159,0,35123,11248
tuned_STREAM_Triad,4,3460831,8214,0,171,0,35385,12527
tuned_STREAM_Copy,2,41338620,43797,0,1026,4,198800,83444
tuned_STREAM_Scale,3,15890731,18760,0,436,0,83516,35561
tuned_STREAM_Triad,4,3415881,8121,0,152,0,33462,13761
tuned_STREAM_Triad,4,3433400,8045,0,180,0,34700,13059
tuned_STREAM_Add,3,16757034,24748,0,484,2,105323,35983
tuned_STREAM_Triad,4,3448818,8065,0,167,0,35321,11146
tuned_STREAM_Triad,4,3463440,8051,0,156,0,35528,12575
tuned_STREAM_Copy,2,41284815,43538,0,1045,7,197856,83476
tuned_STREAM_Scale,3,15869138,18583,0,412,5,83240,35618
tuned_STREAM_Triad,4,3408172,8033,0,154,4,33463,13501
tuned_STREAM_Triad,4,3429556,7952,0,161,0,34734,12973
tuned_STREAM_Add,3,16713863,24696,0,527,2,104814,35896
tuned_STREAM_Triad,4,3453698,8175,0,176,2,35244,11189
tuned_STREAM_Triad,4,3443352,8017,0,177,0,35451,12564
tuned_STREAM_Copy,2,41336574,43530,0,1055,9,199088,83424
tuned_STREAM_Scale,3,15949128,18692,0,440,5,84226,35692
tuned_STREAM_Triad,4,3431363,8016,0,154,0,34149,15704
tuned_STREAM_Triad,4,3456031,8121,0,168,5,34908,12752
tuned_STREAM_Add,3,16705616,24558,0,507,4,104885,35792
tuned_STREAM_Triad,4,3442269,8056,0,156,0,35325,11335
tuned_STREAM_Triad,4,3457581,8071,0,171,3,35546,12434
tuned_STREAM_Copy,2,41362378,44384,0,1012,2,200702,83285
tuned_STREAM_Scale,3,15928292,19511,0,417,0,85735,35696
tuned_STREAM_Triad,4,3415264,8008,0,149,0,33967,14570
tuned_STREAM_Triad,4,3446939,7974,0,166,0,34863,12941
tuned_STREAM_Add,3,16716983,24582,0,487,2,105182,35700
tuned_STREAM_Triad,4,3442895,8004,0,161,0,35347,10867
tuned_STREAM_Triad,4,3454019,8045,0,166,0,35539,12474
tuned_STREAM_Copy,2,41248738,42896,0,1009,10,196550,83370
tuned_STREAM_Scale,3,15887858,18303,0,418,3,82604,35603
tuned_STREAM_Triad,4,3405873,8052,0,151,1,33452,13639
tuned_STREAM_Triad,4,3444950,7971,0,162,0,34772,12899
tuned_STREAM_Add,3,16721662,24282,0,480,6,104137,35781
tuned_STREAM_Triad,4,3451457,8046,0,150,4,35161,11032
tuned_STREAM_Triad,4,3454904,8033,0,160,1,35399,12535
tuned_STREAM_Copy,2,41196642,42291,0,1034,10,194715,83605
tuned_STREAM_Scale,3,15817362,17527,0,441,4,79787,35831
tuned_STREAM_Triad,4,3396248,8162,0,158,3,33057,12934
tuned_STREAM_Triad,4,3436198,7976,0,175,0,34713,12807
tuned_STREAM_Add,3,16705258,24481,0,494,5,105093,35858
tuned_STREAM_Triad,4,3443312,7830,0,163,0,35240,11141
tuned_STREAM_Triad,4,3448620,8062,0,170,4,35490,12465
tuned_STREAM_Copy,2,41307583,43616,0,1037,4,198079,83148
tuned_STREAM_Scale,3,15884589,18819,0,438,4,83988,35445
tuned_STREAM_Triad,4,3401225,7924,0,160,0,33589,13790
tuned_STREAM_Triad,4,3439134,8002,0,167,3,34720,12909
tuned_STREAM_Add,3,16702120,24541,0,501,0,104262,35694
tuned_STREAM_Triad,4,3438438,8198,0,162,0,35182,11194
tuned_STREAM_Triad,4,3452722,8034,0,168,0,35372,12392
tuned_STREAM_Copy,2,41330506,44626,0,1043,6,199962,83199
tuned_STREAM_Scale,3,15886459,19028,0,443,1,84234,35476
tuned_STREAM_Triad,4,3403506,7958,0,162,0,33406,14296
tuned_STREAM_Triad,4,3439231,7909,0,167,0,34615,12829
tuned_STREAM_Add,3,16752121,25011,0,502,3,105903,35805
tuned_STREAM_Triad,4,3440071,7979,0,164,1,35346,11175
tuned_STREAM_Triad,4,3460347,8020,0,165,0,35544,12398
tuned_STREAM_Copy,2,41347458,44487,0,1022,7,199872,83618
tuned_STREAM_Scale,3,15900857,19006,0,408,3,84169,35730
tuned_STREAM_Triad,4,3411712,8133,0,146,0,33809,13983
tuned_STREAM_Triad,4,3441504,7996,0,159,0,34802,12880
tuned_STREAM_Add,3,16737393,25068,0,509,3,105984,35944
tuned_STREAM_Triad,4,3450784,8092,0,164,3,35450,11071
tuned_STREAM_Triad,4,3447190,8010,0,171,0,35637,12428
tuned_STREAM_Copy,2,41252053,42877,0,1029,7,195908,83467
tuned_STREAM_Scale,3,15806838,18008,0,454,3,81509,35676
tuned_STREAM_Triad,4,3395811,8041,0,168,3,33107,12815
tuned_STREAM_Triad,4,3421318,7994,0,167,0,34714,12950
tuned_STREAM_Add,3,16736950,24614,0,473,4,104701,35805
tuned_STREAM_Triad,4,3448164,8043,0,153,0,35093,10961
tuned_STREAM_Triad,4,3458472,8038,0,158,3,35384,12527
tuned_STREAM_Copy,2,41244958,43242,0,1031,3,197501,83525
tuned_STREAM_Scale,3,15842304,18076,0,420,3,81967,35802
tuned_STREAM_Triad,4,3392287,7936,0,155,0,33246,13288
tuned_STREAM_Triad,4,3436644,8000,0,157,3,34730,13091
tuned_STREAM_Add,3,16729290,24883,0,507,0,105762,35903
tuned_STREAM_Triad,4,3442146,8105,0,165,0,35373,11345
tuned_STREAM_Triad,4,3452227,8008,0,159,0,35577,12424
tuned_STREAM_Copy,2,41233147,42344,0,1032,6,195733,83515
tuned_STREAM_Scale,3,15848628,17950,0,421,2,81849,35771
tuned_STREAM_Triad,4,3400914,8073,0,152,0,33286,12976
tuned_STREAM_Triad,4,3435912,7926,0,167,0,34795,12953
tuned_STREAM_Add,3,16675113,24141,0,506,4,104194,35774
tuned_STREAM_Triad,4,3446469,8085,0,161,4,35183,10961
tuned_STREAM_Triad,4,3444876,7970,0,167,0,35393,12524
tuned_STREAM_Copy,2,41285111,44623,0,1030,7,200409,83254
tuned_STREAM_Scale,3,15910195,19584,0,421,3,85365,35455
tuned_STREAM_Triad,4,3415525,8017,0,152,2,33787,14419
tuned_STREAM_Triad,4,3437283,8085,0,162,0,34657,12896
tuned_STREAM_Add,3,16716046,24740,0,505,4,105115,35842
tuned_STREAM_Triad,4,3434280,8057,0,176,0,35290,11172
tuned_STREAM_Triad,4,3459412,8077,0,163,3,35524,12492
tuned_STREAM_Copy,2,41383982,45110,0,1049,7,201091,83313
tuned_STREAM_Scale,3,15926452,20082,0,434,3,86488,35558
tuned_STREAM_Triad,4,3417440,8144,0,155,0,33981,14944
tuned_STREAM_Triad,4,3439480,8112,0,171,3,34804,12939
tuned_STREAM_Add,3,16748022,24671,0,508,4,104681,35794
tuned_STREAM_Triad,4,3446915,7916,0,170,0,35205,11078
tuned_STREAM_Triad,4,3459379,8287,0,175,3,35481,12520
tuned_STREAM_Copy,2,41367347,44056,0,997,3,200302,83350
tuned_STREAM_Scale,3,15887574,19234,0,403,0,85293,35540
tuned_STREAM_Triad,4,3412295,8027,0,135,0,33899,14593
tuned_STREAM_Triad,4,3433427,7973,0,170,0,34798,12884
tuned_STREAM_Add,3,16757139,24557,0,485,3,105217,35875
tuned_STREAM_Triad,4,3451766,7959,0,174,1,35382,11292
tuned_STREAM_Triad,4,3459487,7959,0,157,0,35563,12420
tuned_STREAM_Copy,2,41396252,45202,0,1031,5,202424,83651
tuned_STREAM_Scale,3,15946984,20062,0,446,2,87192,35799
tuned_STREAM_Triad,4,3423681,7991,0,162,0,34216,15591
tuned_STREAM_Triad,4,3442331,7912,0,169,0,34889,12948
tuned_STREAM_Add,3,16772405,24863,0,486,3,105465,35922
tuned_STREAM_Triad,4,3457063,8091,0,153,2,35447,11185
tuned_STREAM_Triad,4,3456768,8047,0,171,0,35628,12489
tuned_STREAM_Copy,2,41232247,42401,0,1036,6,195536,83551
tuned_STREAM_Scale,3,15813453,17722,0,443,3,81133,35925
tuned_STREAM_Triad,4,3384456,8026,0,165,3,33088,12969
tuned_STREAM_Triad,4,3435076,7970,0,170,0,34799,13041
tuned_STREAM_Add,3,16704562,24245,0,495,3,104477,35813
tuned_STREAM_Triad,4,3443845,8121,0,169,0,35321,10998
tuned_STREAM_Triad,4,3455680,8002,0,161,3,35559,12506
tuned_STREAM_Copy,2,41249930,43982,0,1054,3,197815,83551
tuned_STREAM_Scale,3,15863301,18460,0,447,3,82478,35649
tuned_STREAM_Triad,4,3399753,7963,0,155,0,33311,13399
tuned_STREAM_Triad,4,3435527,8289,0,176,3,34713,12994
tuned_STREAM_Add,3,16747883,25244,0,503,0,105518,35940
tuned_STREAM_Triad,4,3452030,8115,0,163,0,35340,11212
tuned_STREAM_Triad,4,3452105,8143,0,162,0,35540,12505
tuned_STREAM_Copy,2,41319875,44520,0,1028,6,201193,83599
tuned_STREAM_Scale,3,15910946,19404,0,437,1,85622,35753
tuned_STREAM_Triad,4,3418580,7973,0,154,0,34077,14623
tuned_STREAM_Triad,4,3437774,8127,0,172,0,34876,12830
tuned_STREAM_Add,3,16713152,24822,0,489,3,105856,35940
tuned_STREAM_Triad,4,3436563,8080,0,159,1,35448,10944
tuned_STREAM_Triad,4,3455037,7965,0,166,0,35621,12460
tuned_STREAM_Copy,2,41287095,43174,0,1038,6,197492,83495
tuned_STREAM_Scale,3,15827947,18015,0,441,3,82147,35680
tuned_STREAM_Triad,4,3383867,7961,0,162,3,33333,13007
tuned_STREAM_Triad,4,3437316,8004,0,181,0,34778,12962
tuned_STREAM_Add,3,16741087,24907,0,488,3,105620,35841
tuned_STREAM_Triad,4,3448838,7971,0,176,3,35289,11259
tuned_STREAM_Triad,4,3451823,7979,0,160,0,35503,12419
tuned_STREAM_Copy,2,41298039,45722,0,1041,6,202176,83391
tuned_STREAM_Scale,3,15899303,20298,0,418,3,86863,35496
tuned_STREAM_Triad,4,3408357,8045,0,148,0,33853,15105
tuned_STREAM_Triad,4,3432332,8177,0,155,3,34707,12994
tuned_STREAM_Add,3,16736021,25136,0,514,3,105516,35954
tuned_STREAM_Triad,4,3438041,8175,0,174,0,35324,11145
tuned_STREAM_Triad,4,3456936,8121,0,163,3,35542,12488
tuned_STREAM_Copy,2,41272852,43162,0,1045,4,196213,83790
tuned_STREAM_Scale,3,15813465,17649,0,438,0,80331,35816
tuned_STREAM_Triad,4,3383295,8004,0,163,0,32836,12688
tuned_STREAM_Triad,4,3439561,8048,0,170,0,34764,12951
tuned_STREAM_Add,3,16747173,25206,0,504,4,106072,36060
tuned_STREAM_Triad,4,3444752,8036,0,159,0,35396,11405
tuned_STREAM_Triad,4,3453258,8052,0,163,0,35592,12414
tuned_STREAM_Copy,2,41261644,43685,0,1015,6,198056,83732
tuned_STREAM_Scale,3,15833342,18113,0,403,2,82137,35676
tuned_STREAM_Triad,4,3398079,7899,0,155,0,33193,13107
tuned_STREAM_Triad,4,3430663,8100,0,156,0,34778,13014
tuned_STREAM_Add,3,16789647,25292,0,504,4,106076,35961
tuned_STREAM_Triad,4,3457280,8027,0,155,4,35450,11265
tuned_STREAM_Triad,4,3462493,8098,0,164,0,35606,12456
tuned_STREAM_Copy,2,41387677,44881,0,1024,4,200723,83667
tuned_STREAM_Scale,3,15920262,19377,0,421,1,84787,35667
tuned_STREAM_Triad,4,3419651,8062,0,158,1,33977,14517
tuned_STREAM_Triad,4,3444523,8274,0,160,0,34914,12763
tuned_STREAM_Add,3,16765008,25224,0,503,3,106167,35999
tuned_STREAM_Triad,4,3440317,8087,0,161,0,35464,11183
tuned_STREAM_Triad,4,3462880,8022,0,176,3,35666,12512
tuned_STREAM_Copy,2,41231776,42327,0,1025,4,195399,83432
tuned_STREAM_Scale,3,15820535,17760,0,418,4,81173,35856
tuned_STREAM_Triad,4,3380959,7894,0,161,0,33116,12792
tuned_STREAM_Triad,4,3440920,8066,0,156,3,34791,12953
tuned_STREAM_Add,3,16691706,24316,0,510,0,104564,35560
tuned_STREAM_Triad,4,3441142,8065,0,175,0,35233,11194
tuned_STREAM_Triad,4,3448170,7843,0,160,0,35311,12302
tuned_STREAM_Copy,2,41232629,44172,0,1015,6,198845,83186
tuned_STREAM_Scale,3,15895833,19683,0,424,1,85203,35371
tuned_STREAM_Triad,4,3417271,8162,0,155,0,33663,14269
tuned_STREAM_Triad,4,3424048,7937,0,166,0,34684,12962
tuned_STREAM_Add,3,16699164,24203,0,487,2,103937,35763
tuned_STREAM_Triad,4,3449186,7916,0,163,0,34986,11279
tuned_STREAM_Triad,4,3444364,8079,0,165,0,35265,12421
tuned_STREAM_Copy,2,41378129,44324,0,1010,5,198917,83235
tuned_STREAM_Scale,3,15894145,19212,0,414,3,83816,35703
tuned_STREAM_Triad,4,3398141,8078,0,165,0,33531,13907
tuned_STREAM_Triad,4,3446235,8087,0,155,0,34718,12962
tuned_STREAM_Add,3,16755841,24808,0,502,2,105244,35774
tuned_STREAM_Triad,4,3446870,8072,0,163,2,35325,11161
tuned_STREAM_Triad,4,3463373,8004,0,168,0,35528,12505
tuned_STREAM_Copy,2,41277822,44526,0,1056,7,199936,83396
tuned_STREAM_Scale,3,15882257,18970,0,423,3,84041,35585
tuned_STREAM_Triad,4,3410906,8094,0,138,3,33599,13933
tuned_STREAM_Triad,4,3434645,8031,0,176,0,34691,12941
tuned_STREAM_Add,3,16763650,25270,0,513,3,106092,35889
tuned_STREAM_Triad,4,3454518,8080,0,178,0,35407,11165
tuned_STREAM_Triad,4,3455716,8074,0,170,3,35605,12491
tuned_STREAM_Copy,2,41323366,44111,0,1026,2,199317,83427
tuned_STREAM_Scale,3,15886133,19321,0,412,2,84393,35772
tuned_STREAM_Triad,4,3406771,8135,0,137,0,33935,14667
tuned_STREAM_Triad,4,3441881,8285,0,171,2,34834,12879
tuned_STREAM_Add,3,16738336,24507,0,495,0,105109,35717
tuned_STREAM_Triad,4,3434922,7877,0,166,0,35277,11238
tuned_STREAM_Triad,4,3467193,8134,0,171,0,35514,12389
tuned_STREAM_Copy,2,41307443,43579,0,1016,7,198378,83428
tuned_STREAM_Scale,3,15865880,18763,0,413,3,83828,35637
tuned_STREAM_Triad,4,3399681,7962,0,152,0,33656,13774
tuned_STREAM_Triad,4,3433971,8029,0,153,0,34779,12951
tuned_STREAM_Add,3,16723780,24570,0,508,4,104855,35840
tuned_STREAM_Triad,4,3445934,7924,0,163,4,35298,11009
tuned_STREAM_Triad,4,3454543,8150,0,182,0,35486,12472
tuned_STREAM_Copy,2,41174593,42600,0,1060,7,196124,83554
tuned_STREAM_Scale,3,15822901,17941,0,433,3,81564,35691
tuned_STREAM_Triad,4,3387515,7946,0,163,3,33096,12939
tuned_STREAM_Triad,4,3434553,8047,0,177,0,34703,13097
tuned_STREAM_Add,3,16703965,24377,0,522,3,104730,35892
tuned_STREAM_Triad,4,3448635,8053,0,176,0,35217,11343
tuned_STREAM_Triad,4,3449266,7961,0,167,2,35493,12580
tuned_STREAM_Copy,2,41339963,43959,0,1032,3,199712,83519
tuned_STREAM_Scale,3,15861492,18581,0,426,3,83651,35532
tuned_STREAM_Triad,4,3394573,7805,0,158,0,33483,13750
tuned_STREAM_Triad,4,3440738,8102,0,162,3,34724,12881
tuned_STREAM_Add,3,16766796,25084,0,495,0,106161,35999
tuned_STREAM_Triad,4,3447067,8019,0,162,0,35433,11254
tuned_STREAM_Triad,4,3456185,7968,0,159,0,35625,12448
tuned_STREAM_Copy,2,41132493,42457,0,1043,5,196213,83469
tuned_STREAM_Scale,3,15833385,17866,0,416,0,81547,35488
tuned_STREAM_Triad,4,3387862,7808,0,151,0,32874,12941
tuned_STREAM_Triad,4,3436723,7953,0,164,0,34698,12856
tuned_STREAM_Add,3,16681949,24299,0,514,2,104779,35895
tuned_STREAM_Triad,4,3440622,7977,0,170,0,35275,11209
tuned_STREAM_Triad,4,3439198,7931,0,169,0,35533,12543
tuned_STREAM_Copy,2,41216594,43009,0,1049,5,197493,83298
tuned_STREAM_Scale,3,15869140,18572,0,433,2,83862,35658
tuned_STREAM_Triad,4,3411710,8035,0,160,0,33645,14005
tuned_STREAM_Triad,4,3429527,7998,0,164,0,34757,12919
tuned_STREAM_Add,3,16676058,24158,0,508,3,103856,35754
tuned_STREAM_Triad,4,3438618,8036,0,165,2,35111,11159
tuned_STREAM_Triad,4,3449935,8157,0,181,0,35363,12543
tuned_STREAM_Copy,2,41260600,42644,0,1033,6,195176,83675
tuned_STREAM_Scale,3,15804681,17466,0,429,3,79753,35912
tuned_STREAM_Triad,4,3378160,7876,0,147,3,32683,12433
tuned_STREAM_Triad,4,3438954,8101,0,177,0,34766,13080
tuned_STREAM_Add,3,16729657,24924,0,491,3,105650,35946
tuned_STREAM_Triad,4,3436962,7906,0,155,0,35316,11385
tuned_STREAM_Triad,4,3458282,8064,0,166,3,35561,12478
tuned_STREAM_Copy,2,41293748,43386,0,1035,3,196955,83465
tuned_STREAM_Scale,3,15814289,17738,0,426,3,81088,35543
tuned_STREAM_Triad,4,3383980,7839,0,155,0,33019,13902
tuned_STREAM_Triad,4,3439724,8051,0,156,3,34675,12815
tuned_STREAM_Add,3,16796128,25372,0,511,0,106056,35941
tuned_STREAM_Triad,4,3447642,8113,0,157,0,35390,11340
tuned_STREAM_Triad,4,3475379,8094,0,175,0,35591,12387
tuned_STREAM_Copy,2,41224490,43644,0,1081,6,198550,83210
tuned_STREAM_Scale,3,15766917,18565,0,447,1,83110,35356
tuned_STREAM_Triad,4,3343466,7030,0,153,0,31496,14300
tuned_STREAM_Triad,4,3434331,8126,0,182,0,34523,12905
tuned_STREAM_Add,3,16741972,24639,0,534,3,105589,35906
tuned_STREAM_Triad,4,3444882,7862,0,177,1,35319,11151
tuned_STREAM_Triad,4,3458837,7932,0,175,0,35541,12437
tuned_STREAM_Copy,2,41299426,43633,0,1022,6,197871,83584
tuned_STREAM_Scale,3,15839292,18008,0,424,3,81920,35627
tuned_STREAM_Triad,4,3394767,8069,0,146,3,33229,13142
tuned_STREAM_Triad,4,3436466,7969,0,171,0,34648,12955
tuned_STREAM_Add,3,16813326,25319,0,503,2,106161,36006
tuned_STREAM_Triad,4,3464287,8048,0,158,2,35454,11286
tuned_STREAM_Triad,4,3465922,8118,0,174,0,35628,12442
tuned_STREAM_Copy,2,41344815,44848,0,1042,8,201079,83365
tuned_STREAM_Scale,3,15948482,20261,0,419,4,87243,35658
tuned_STREAM_Triad,4,3424802,8128,0,155,0,34231,15324
tuned_STREAM_Triad,4,3440461,8087,0,172,4,34902,12806
tuned_STREAM_Add,3,16693216,24305,0,520,3,104047,35701
tuned_STREAM_Triad,4,3430591,8046,0,173,0,35199,11124
tuned_STREAM_Triad,4,3468371,8161,0,174,3,35463,12461
tuned_STREAM_Copy,2,41228271,42353,0,1022,3,193807,83620
tuned_STREAM_Scale,3,15782238,17081,0,410,0,78513,35892
tuned_STREAM_Triad,4,3382133,8025,0,146,0,32570,12099
tuned_STREAM_Triad,4,3432240,7999,0,152,0,34750,12838
tuned_STREAM_Add,3,16738400,25013,0,508,3,105507,35856
tuned_STREAM_Triad,4,3448643,8026,0,179,1,35244,11401
tuned_STREAM_Triad,4,3445123,8011,0,172,0,35498,12313
tuned_STREAM_Copy,2,41254130,43527,0,1043,6,198442,83624
tuned_STREAM_Scale,3,15864282,18593,0,432,3,83371,35598
tuned_STREAM_Triad,4,3405738,8059,0,169,1,33523,13600
tuned_STREAM_Triad,4,3432771,8007,0,158,0,34756,13036
tuned_STREAM_Add,3,16738803,24656,0,505,3,105291,35945
tuned_STREAM_Triad,4,3455449,8031,0,168,3,35329,11233
tuned_STREAM_Triad,4,3450629,8063,0,170,0,35547,12498
tuned_STREAM_Copy,2,41236232,43844,0,1006,6,198463,83593
tuned_STREAM_Scale,3,15840046,18569,0,431,2,82896,35763
tuned_STREAM_Triad,4,3404503,8183,0,150,2,33412,13458
tuned_STREAM_Triad,4,3419961,7880,0,174,0,34722,13053
tuned_STREAM_Add,3,16703930,24923,0,473,4,105730,35920
tuned_STREAM_Triad,4,3430689,7960,0,152,0,35401,10973
tuned_STREAM_Triad,4,3453796,7984,0,163,3,35605,12478
tuned_STREAM_Copy,2,41243220,43316,0,987,3,197794,83376
tuned_STREAM_Scale,3,15894862,18957,0,403,3,83766,35573
tuned_STREAM_Triad,4,3414106,8019,0,140,0,33585,13754
tuned_STREAM_Triad,4,3433354,8182,0,164,3,34758,12968
tuned_STREAM_Add,3,16716631,24081,0,495,0,104195,35764
tuned_STREAM_Triad,4,3455397,8067,0,162,0,35181,11263
tuned_STREAM_Triad,4,3454202,7929,0,160,0,35421,12466
tuned_STREAM_Copy,2,41346116,44242,0,1032,5,198793,83463
tuned_STREAM_Scale,3,15880769,18900,0,425,0,83372,35752
tuned_STREAM_Triad,4,3401280,8015,0,157,0,33501,13819
tuned_STREAM_Triad,4,3443337,8121,0,165,0,34715,13032
tuned_STREAM_Add,3,16771044,25065,0,509,3,105609,35841
tuned_STREAM_Triad,4,3451986,8036,0,171,1,35326,11227
tuned_STREAM_Triad,4,3452431,8084,0,170,0,35505,12436
tuned_STREAM_Copy,2,41124184,40953,0,1012,6,191093,83497
tuned_STREAM_Scale,3,15746713,16481,0,425,3,77589,35820
tuned_STREAM_Triad,4,3380033,7712,0,156,3,32237,11901
tuned_STREAM_Triad,4,3419505,7855,0,173,0,34621,12575
tuned_STREAM_Add,3,16692326,24211,0,496,3,103782,35745
tuned_STREAM_Triad,4,3448809,8085,0,163,3,35265,11384
tuned_STREAM_Triad,4,3437606,7451,0,175,0,34187,12345
tuned_STREAM_Copy,2,41369870,44625,0,1024,7,199759,83471
tuned_STREAM_Scale,3,15927438,19387,0,401,3,84504,35593
tuned_STREAM_Triad,4,3419087,7988,0,145,0,33601,14022
tuned_STREAM_Triad,4,3442486,8125,0,160,3,34718,13076
tuned_STREAM_Add,3,16762013,24962,0,521,4,105547,35949
tuned_STREAM_Triad,4,3445451,8026,0,173,0,35359,11297
tuned_STREAM_Triad,4,3467599,8145,0,176,3,35597,12518
tuned_STREAM_Copy,2,41280128,43501,0,1024,3,196226,83564
tuned_STREAM_Scale,3,15836352,18110,0,414,0,81050,35824
tuned_STREAM_Triad,4,3402512,8166,0,145,0,33124,12877
tuned_STREAM_Triad,4,3429820,8113,0,154,0,34728,12892
tuned_STREAM_Add,3,16742481,25017,0,501,2,105355,35906
tuned_STREAM_Triad,4,3449169,8112,0,167,0,35365,11326
tuned_STREAM_Triad,4,3453700,8029,0,166,0,35538,12373
tuned_STREAM_Copy,2,41227022,43355,0,1010,8,198146,83552
tuned_STREAM_Scale,3,15889996,18804,0,418,3,83507,35553
tuned_STREAM_Triad,4,3415511,8121,0,146,1,33557,13765
tuned_STREAM_Triad,4,3433051,8060,0,162,0,34731,12948
tuned_STREAM_Add,3,16713512,24274,0,491,5,104843,35931
tuned_STREAM_Triad,4,3449703,7878,0,170,5,35291,11379
tuned_STREAM_Triad,4,3447466,7935,0,158,0,35534,12475
tuned_STREAM_Copy,2,41188591,42405,0,1033,7,196445,83652
tuned_STREAM_Scale,3,15819796,17706,0,433,3,81648,35731
tuned_STREAM_Triad,4,3391490,7916,0,155,3,33306,13348
tuned_STREAM_Triad,4,3432206,7981,0,172,0,34794,12868
tuned_STREAM_Add,3,16689699,24420,0,509,4,104954,35897
tuned_STREAM_Triad,4,3431346,7830,0,179,0,35229,11404
tuned_STREAM_Triad,4,3452470,8077,0,159,4,35442,12465
tuned_STREAM_Copy,2,41307427,43827,0,1036,5,198084,83552
tuned_STREAM_Scale,3,15890561,19026,0,415,5,83896,35562
tuned_STREAM_Triad,4,3401885,8093,0,146,0,33533,13778
tuned_STREAM_Triad,4,3442516,8139,0,155,3,34737,12989
tuned_STREAM_Add,3,16703317,24551,0,518,0,104328,36044
tuned_STREAM_Triad,4,3447088,8096,0,173,0,35242,11275
tuned_STREAM_Triad,4,3440937,7816,0,159,0,35100,12675
tuned_STREAM_Copy,2,41398933,45426,0,1007,9,199873,83025
tuned_STREAM_Scale,3,15935856,19885,0,411,2,86127,35579
tuned_STREAM_Triad,4,3415017,8012,0,144,1,33817,15268
tuned_STREAM_Triad,4,3447524,7958,0,162,0,34747,13015
tuned_STREAM_Add,3,16688451,24340,0,504,4,103779,35719
tuned_STREAM_Triad,4,3441301,8126,0,173,1,35016,11287
tuned_STREAM_Triad,4,3449174,8093,0,166,0,35345,12560
tuned_STREAM_Copy,2,41367278,44471,0,1077,5,200764,83418
tuned_STREAM_Scale,3,15884610,19250,0,442,3,85035,35707
tuned_STREAM_Triad,4,3412675,8085,0,164,1,33953,14768
tuned_STREAM_Triad,4,3431705,7912,0,170,0,34832,12756
tuned_STREAM_Add,3,16771905,24915,0,522,2,105847,35933
tuned_STREAM_Triad,4,3449430,7989,0,165,2,35429,11312
tuned_STREAM_Triad,4,3466358,8142,0,176,0,35617,12400
tuned_STREAM_Copy,2,41432803,44526,0,1018,7,201330,83432
tuned_STREAM_Scale,3,15957479,19619,0,413,3,86278,35660
tuned_STREAM_Triad,4,3432652,8101,0,152,3,34245,15956
tuned_STREAM_Triad,4,3447940,8210,0,165,0,34930,12882
tuned_STREAM_Add,3,16742198,24660,0,502,4,105402,35835
tuned_STREAM_Triad,4,3448270,8093,0,166,0,35388,11241
tuned_STREAM_Triad,4,3456885,7949,0,158,3,35549,12399
tuned_STREAM_Copy,2,41294273,43304,0,1048,3,197681,83256
tuned_STREAM_Scale,3,15880253,18261,0,431,3,83149,35470
tuned_STREAM_Triad,4,3404107,7723,0,154,0,33035,14698
tuned_STREAM_Triad,4,3446330,7983,0,166,3,34657,12515
tuned_STREAM_Add,3,16730596,24756,0,506,0,104743,35851
tuned_STREAM_Triad,4,3445876,8008,0,159,0,35188,11288
tuned_STREAM_Triad,4,3454105,8121,0,170,0,35436,12522
tuned_STREAM_Copy,2,41425493,44371,0,1029,7,201218,83451
tuned_STREAM_Scale,3,15952448,19287,0,413,1,85448,35663
tuned_STREAM_Triad,4,3422360,8078,0,147,1,34032,14755
tuned_STREAM_Triad,4,3458344,8088,0,164,0,34920,12809
tuned_STREAM_Add,3,16725095,24766,0,502,3,105976,35888
tuned_STREAM_Triad,4,3431073,7859,0,164,1,35450,11204
tuned_STREAM_Triad,4,3457732,7959,0,168,0,35561,12398
tuned_STREAM_Copy,2,41260597,42972,0,1046,7,196597,83083
tuned_STREAM_Scale,3,15869003,18489,0,417,4,82744,35617
tuned_STREAM_Triad,4,3395914,7765,0,146,3,33122,13698
tuned_STREAM_Triad,4,3437152,8015,0,166,0,34576,12775
tuned_STREAM_Add,3,16676320,24210,0,534,3,104170,35644
tuned_STREAM_Triad,4,3440976,8036,0,168,3,35189,11245
tuned_STREAM_Triad,4,3448427,7980,0,185,0,35419,12435
tuned_STREAM_Copy,2,41163490,42246,0,1004,6,194766,83334
tuned_STREAM_Scale,3,15842700,18053,0,411,3,81606,35672
tuned_STREAM_Triad,4,3387588,7804,0,144,0,33119,13087
tuned_STREAM_Triad,4,3441611,8044,0,158,3,34748,12958
tuned_STREAM_Add,3,16638534,23895,0,493,3,103308,35750
tuned_STREAM_Triad,4,3435751,8052,0,168,0,35057,11325
tuned_STREAM_Triad,4,3440234,8139,0,161,3,35311,12454
tuned_STREAM_Copy,2,41354647,44139,0,1034,2,199110,83523
tuned_STREAM_Scale,3,15877119,18831,0,416,0,83742,35653
tuned_STREAM_Triad,4,3406838,8051,0,156,0,33584,13684
tuned_STREAM_Triad,4,3435542,8096,0,153,0,34755,12980
tuned_STREAM_Add,3,16754729,25052,0,505,2,105524,35905
tuned_STREAM_Triad,4,3448466,8135,0,164,0,35372,11302
tuned_STREAM_Triad,4,3455262,8160,0,172,0,35582,12443
tuned_STREAM_Copy,2,41314121,43451,0,1039,6,198454,83447
tuned_STREAM_Scale,3,15927458,18695,0,432,2,83668,35645
tuned_STREAM_Triad,4,3424249,8068,0,155,0,33561,13801
tuned_STREAM_Triad,4,3444068,7969,0,177,0,34730,12968
tuned_STREAM_Add,3,16708549,24465,0,490,3,105034,35886
tuned_STREAM_Triad,4,3436885,7914,0,160,2,35282,10893
tuned_STREAM_Triad,4,3458624,8071,0,173,0,35515,12559
tuned_STREAM_Copy,2,41250804,43283,0,1045,6,196682,83491
tuned_STREAM_Scale,3,15826248,17948,0,420,4,81571,35889
tuned_STREAM_Triad,4,3393478,8015,0,148,3,33099,13197
tuned_STREAM_Triad,4,3429360,7856,0,159,0,34696,13001
tuned_STREAM_Add,3,16710747,24687,0,517,2,105110,35761
tuned_STREAM_Triad,4,3438451,8058,0,163,0,35269,11090
tuned_STREAM_Triad,4,3453765,8022,0,180,2,35460,12451
tuned_STREAM_Copy,2,41218499,43685,0,1010,4,198468,83089
tuned_STREAM_Scale,3,15904050,19702,0,412,4,85568,35576
tuned_STREAM_Triad,4,3407682,8119,0,144,0,33872,14483
tuned_STREAM_Triad,4,3440584,7930,0,170,3,34741,12989
tuned_STREAM_Add,3,16673336,23684,0,493,0,103029,35534
tuned_STREAM_Triad,4,3448544,8015,0,167,0,35073,10910
tuned_STREAM_Triad,4,3452100,8029,0,169,0,35326,12487
tuned_STREAM_Copy,2,41241865,43436,0,1054,6,198801,83306
tuned_STREAM_Scale,3,15875450,19008,0,435,1,84562,35654
tuned_STREAM_Triad,4,3413260,8045,0,155,0,33764,14436
tuned_STREAM_Triad,4,3429010,7861,0,164,0,34780,12918
tuned_STREAM_Add,3,16666742,24008,0,514,3,104266,35793
tuned_STREAM_Triad,4,3429987,7994,0,166,0,35257,10871
tuned_STREAM_Triad,4,3458173,8018,0,176,0,35494,12550
tuned_STREAM_Copy,2,41386889,45513,0,1027,8,201953,83177
tuned_STREAM_Scale,3,15896537,19718,0,410,5,86206,35620
tuned_STREAM_Triad,4,3421079,8063,0,148,5,34050,14923
tuned_STREAM_Triad,4,3412379,7843,0,160,0,34399,12955
tuned_STREAM_Add,3,16787295,25544,0,510,3,106008,35735
tuned_STREAM_Triad,4,3451242,8174,0,168,3,35406,11121
tuned_STREAM_Triad,4,3461929,8188,0,175,0,35584,12415
tuned_STREAM_Copy,2,41276506,43793,0,1035,5,198672,83482
tuned_STREAM_Scale,3,15894405,18729,0,442,3,83466,35650
tuned_STREAM_Triad,4,3400892,8048,0,169,0,33500,13771
tuned_STREAM_Triad,4,3451286,8040,0,171,3,34709,13003
tuned_STREAM_Add,3,16712306,24786,0,506,1,105491,36002
tuned_STREAM_Triad,4,3440736,7925,0,162,0,35330,11221
tuned_STREAM_Triad,4,3447150,8051,0,169,1,35551,12516
tuned_STREAM_Copy,2,41363779,44413,0,1018,3,199337,83297
tuned_STREAM_Scale,3,15891118,19642,0,424,0,84989,35625
tuned_STREAM_Triad,4,3404671,8062,0,148,0,33809,14274
tuned_STREAM_Triad,4,3435457,8161,0,162,0,34777,12910
tuned_STREAM_Add,3,16746314,24376,0,493,3,104486,35792
tuned_STREAM_Triad,4,3446142,7959,0,173,1,35212,11058
tuned_STREAM_Triad,4,3467390,8131,0,161,0,35472,12539
tuned_STREAM_Copy,2,41215389,42384,0,1025,10,195718,83206
tuned_STREAM_Scale,3,15860970,18095,0,418,3,82206,35707
tuned_STREAM_Triad,4,3398381,7830,0,157,1,33237,13344
tuned_STREAM_Triad,4,3439722,7991,0,172,0,34720,12879
tuned_STREAM_Add,3,16697665,24007,0,486,6,103692,35601
tuned_STREAM_Triad,4,3432206,7915,0,161,4,35021,11042
tuned_STREAM_Triad,4,3470428,8112,0,163,1,35338,12469
tuned_STREAM_Copy,2,41359393,43900,0,1037,6,199746,83364
tuned_STREAM_Scale,3,15929595,19523,0,424,2,85929,35718
tuned_STREAM_Triad,4,3424181,8023,0,157,2,34059,14881
tuned_STREAM_Triad,4,3436632,7882,0,164,0,34832,12897
tuned_STREAM_Add,3,16707073,24100,0,510,4,103997,35753
tuned_STREAM_Triad,4,3448245,7900,0,165,0,35194,10991
tuned_STREAM_Triad,4,3455973,8205,0,180,3,35465,12548
tuned_STREAM_Copy,2,41322695,43641,0,1014,4,197966,83437
tuned_STREAM_Scale,3,15839506,18572,0,398,4,82588,35750
tuned_STREAM_Triad,4,3397251,8013,0,148,0,33348,13359
tuned_STREAM_Triad,4,3429559,8048,0,153,3,34775,13021
tuned_STREAM_Add,3,16764601,24820,0,504,0,105541,35790
tuned_STREAM_Triad,4,3455898,7989,0,167,0,35310,11249
tuned_STREAM_Triad,4,3459155,8096,0,163,0,35487,12452
tuned_STREAM_Copy,2,41234924,43143,0,1059,5,196065,83476
tuned_STREAM_Scale,3,15858011,18421,0,433,0,81760,35660
tuned_STREAM_Triad,4,3400372,8058,0,161,0,33238,13413
tuned_STREAM_Triad,4,3440054,8177,0,167,0,34671,12962
tuned_STREAM_Add,3,16714173,24429,0,520,3,104500,35822
tuned_STREAM_Triad,4,3449287,8003,0,166,0,35139,11138
tuned_STREAM_Triad,4,3453229,8018,0,185,0,35448,12542
tuned_STREAM_Copy,2,41287365,43661,0,1025,6,199122,83323
tuned_STREAM_Scale,3,15850319,18832,0,419,3,84214,35578
tuned_STREAM_Triad,4,3393260,7949,0,149,1,33632,13999
tuned_STREAM_Triad,4,3430260,8008,0,164,0,34753,12948
tuned_STREAM_Add,3,16740816,24511,0,509,3,105054,35790
tuned_STREAM_Triad,4,3462961,8039,0,173,3,35307,10710
tuned_STREAM_Triad,4,3447128,8025,0,172,0,35521,12358
tuned_STREAM_Copy,2,41276072,43468,0,1054,7,198102,83546
tuned_STREAM_Scale,3,15855380,18336,0,435,4,82463,35743
tuned_STREAM_Triad,4,3397771,7969,0,153,0,33350,13294
tuned_STREAM_Triad,4,3437419,8209,0,174,4,34745,12955
tuned_STREAM_Add,3,16778281,24840,0,502,3,105830,35815
tuned_STREAM_Triad,4,3461668,7975,0,168,0,35344,11224
tuned_STREAM_Triad,4,3459818,7999,0,177,3,35607,12462
tuned_STREAM_Copy,2,41233066,42605,0,1013,3,195874,83666
tuned_STREAM_Scale,3,15834175,17559,0,427,3,80487,35769
tuned_STREAM_Triad,4,3407292,8059,0,166,0,33576,13431
tuned_STREAM_Triad,4,3433797,8070,0,151,3,34775,12685
tuned_STREAM_Add,3,16719682,24760,0,485,0,105536,35901
tuned_STREAM_Triad,4,3443124,8036,0,160,0,35376,11281
tuned_STREAM_Triad,4,3451455,7963,0,166,0,35597,12431
tuned_STREAM_Copy,2,41357211,43483,0,1017,6,197734,83492
tuned_STREAM_Scale,3,15859705,18164,0,414,2,81956,35620
tuned_STREAM_Triad,4,3413124,8015,0,150,0,33372,13258
tuned_STREAM_Triad,4,3424086,8028,0,158,0,34688,12950
tuned_STREAM_Add,3,16779081,25069,0,512,4,106057,35955
tuned_STREAM_Triad,4,3444844,8033,0,167,3,35408,11217
tuned_STREAM_Triad,4,3465207,7957,0,171,0,35587,12464
tuned_STREAM_Copy,2,41393270,45038,0,1021,9,200945,83612
tuned_STREAM_Scale,3,15935860,19574,0,417,4,84956,35572
tuned_STREAM_Triad,4,3419154,8235,0,164,3,33711,14234
tuned_STREAM_Triad,4,3443137,8030,0,165,0,34743,12991
tuned_STREAM_Add,3,16775036,25186,0,508,4,106238,36055
tuned_STREAM_Triad,4,3441910,7916,0,168,0,35447,11091
tuned_STREAM_Triad,4,3471851,8069,0,171,3,35646,12538
tuned_STREAM_Copy,2,41199279,41959,0,1026,3,192898,83672
tuned_STREAM_Scale,3,15771636,16947,0,427,3,78186,35952
tuned_STREAM_Triad,4,3385802,8108,0,155,0,32821,11810
tuned_STREAM_Triad,4,3427974,7959,0,166,3,34723,12822
tuned_STREAM_Add,3,16726207,24736,0,490,0,104979,35807
tuned_STREAM_Triad,4,3432671,8049,0,165,0,35319,11243
tuned_STREAM_Triad,4,3459703,8067,0,170,0,35543,12468
tuned_STREAM_Copy,2,41195766,43081,0,1036,6,196807,83267
tuned_STREAM_Scale,3,15865115,18837,0,403,0,83166,35517
tuned_STREAM_Triad,4,3402006,8069,0,141,0,33500,13593
tuned_STREAM_Triad,4,3432721,7991,0,170,0,34664,12849
tuned_STREAM_Add,3,16695642,23954,0,504,3,103763,35703
tuned_STREAM_Triad,4,3446026,8137,0,174,1,35147,10775
tuned_STREAM_Triad,4,3457436,7955,0,158,0,35392,12521
tuned_STREAM_Copy,2,41401085,45407,0,1006,6,202269,83374
tuned_STREAM_Scale,3,15914703,20000,0,416,2,86335,35672
tuned_STREAM_Triad,4,3416155,7983,0,135,0,34037,15177
tuned_STREAM_Triad,4,3434191,7992,0,174,0,34777,12879
tuned_STREAM_Add,3,16794387,25103,0,479,3,106068,35841
tuned_STREAM_Triad,4,3460639,8065,0,164,3,35430,11130
tuned_STREAM_Triad,4,3461470,8034,0,169,0,35591,12435
tuned_STREAM_Copy,2,41238696,42314,0,1042,6,193273,83748
tuned_STREAM_Scale,3,15780481,17309,0,426,4,78690,35915
tuned_STREAM_Triad,4,3380885,8109,0,149,3,32631,12031
tuned_STREAM_Triad,4,3432193,8114,0,173,0,34778,12913
tuned_STREAM_Add,3,16740388,24751,0,508,2,104881,35827
tuned_STREAM_Triad,4,3456235,8216,0,171,0,35259,11069
tuned_STREAM_Triad,4,3456099,8061,0,167,2,35460,12484
tuned_STREAM_Copy,2,41369727,44950,0,1020,3,201041,83470
tuned_STREAM_Scale,3,15906544,19209,0,420,3,85096,35619
tuned_STREAM_Triad,4,3411846,7954,0,148,0,33785,14404
tuned_STREAM_Triad,4,3439279,7990,0,166,3,34712,12975
tuned_STREAM_Add,3,16789462,25455,0,502,0,106158,35944
tuned_STREAM_Triad,4,3447447,8076,0,176,0,35437,11253
tuned_STREAM_Triad,4,3468299,8160,0,159,0,35625,12449
tuned_STREAM_Copy,2,41333454,44197,0,1001,4,199442,83556
tuned_STREAM_Scale,3,15852578,18836,0,422,0,83898,35658
tuned_STREAM_Triad,4,3398428,8006,0,151,0,33779,13920
tuned_STREAM_Triad,4,3434454,8051,0,165,0,34812,12829
tuned_STREAM_Add,3,16755981,25062,0,489,2,105769,35899
tuned_STREAM_Triad,4,3447779,8048,0,161,0,35396,11128
tuned_STREAM_Triad,4,3458507,8016,0,161,0,35551,12417
tuned_STREAM_Copy,2,41337093,42608,0,1033,8,194501,83599
tuned_STREAM_Scale,3,15854851,17930,0,429,5,80561,35731
tuned_STREAM_Triad,4,3401197,8070,0,156,5,32866,12576
tuned_STREAM_Triad,4,3441116,8001,0,170,0,34706,12984
tuned_STREAM_Add,3,16741882,24433,0,496,3,104096,35872
tuned_STREAM_Triad,4,3450884,7987,0,166,3,35211,11296
tuned_STREAM_Triad,4,3469679,8140,0,166,0,35472,12525
tuned_STREAM_Copy,2,41302566,43135,0,1017,7,198236,83806
tuned_STREAM_Scale,3,15878527,18281,0,389,3,83223,35793
tuned_STREAM_Triad,4,3416094,8020,0,130,0,33826,14578
tuned_STREAM_Triad,4,3439443,7925,0,161,3,34904,12833
tuned_STREAM_Add,3,16739997,24570,0,500,4,105181,36052
tuned_STREAM_Triad,4,3450235,8083,0,155,0,35346,11458
tuned_STREAM_Triad,4,3459835,8075,0,172,3,35585,12481
tuned_STREAM_Copy,2,41285553,43060,0,1017,3,196948,83498
tuned_STREAM_Scale,3,15869578,18491,0,427,0,82596,35604
tuned_STREAM_Triad,4,3402686,8050,0,152,0,33360,13375
tuned_STREAM_Triad,4,3436600,8180,0,169,0,34759,12869
tuned_STREAM_Add,3,16703711,24315,0,491,3,104615,35926
tuned_STREAM_Triad,4,3444523,7995,0,143,0,35241,11210
tuned_STREAM_Triad,4,3447135,7998,0,175,0,35484,12530
tuned_STREAM_Copy,2,41186305,43781,0,1052,7,198282,83258
tuned_STREAM_Scale,3,15851485,18842,0,426,3,83678,35617
tuned_STREAM_Triad,4,3399630,8088,0,151,1,33512,13772
tuned_STREAM_Triad,4,3426154,7961,0,168,0,34714,12964
tuned_STREAM_Add,3,16704685,24668,0,530,4,104771,35777
tuned_STREAM_Triad,4,3446834,8095,0,166,3,35233,11078
tuned_STREAM_Triad,4,3446921,8027,0,180,0,35424,12495
tuned_STREAM_Copy,2,41272970,43780,0,1040,7,198143,83218
tuned_STREAM_Scale,3,15863988,18844,0,423,3,83659,35477
tuned_STREAM_Triad,4,3417799,8071,0,164,3,33690,14071
tuned_STREAM_Triad,4,3417695,7920,0,159,0,34279,12744
tuned_STREAM_Add,3,16720223,24626,0,520,3,104567,35827
tuned_STREAM_Triad,4,3437438,7982,0,166,0,35150,11011
tuned_STREAM_Triad,4,3459581,8137,0,176,3,35437,12480
tuned_STREAM_Copy,2,41215600,41645,0,1008,3,193535,83637
tuned_STREAM_Scale,3,15800827,17338,0,418,3,79528,35989
tuned_STREAM_Triad,4,3385572,7874,0,155,0,32632,12428
tuned_STREAM_Triad,4,3431139,7947,0,165,2,34800,12957
tuned_STREAM_Add,3,16697282,24054,0,506,0,104264,35780
tuned_STREAM_Triad,4,3444702,8127,0,175,0,35299,11370
tuned_STREAM_Triad,4,3456814,7963,0,169,0,35532,12454
tuned_STREAM_Copy,2,41202056,43320,0,1012,5,197826,83339
tuned_STREAM_Scale,3,15861307,18790,0,425,1,83653,35650
tuned_STREAM_Triad,4,3399024,8060,0,155,0,33538,13937
tuned_STREAM_Triad,4,3434346,8022,0,180,0,34701,12955
tuned_STREAM_Add,3,16681618,24230,0,493,2,104378,35774
tuned_STREAM_Triad,4,3445246,7943,0,162,0,35214,11202
tuned_STREAM_Triad,4,3437886,8119,0,178,0,35429,12449
tuned_STREAM_Copy,2,41227405,42018,0,1017,5,193434,83784
tuned_STREAM_Scale,3,15783455,17050,0,413,3,78616,35983
tuned_STREAM_Triad,4,3375925,8021,0,141,3,32564,12156
tuned_STREAM_Triad,4,3440362,7949,0,170,0,34786,12809
tuned_STREAM_Add,3,16727685,24703,0,508,2,104972,35872
tuned_STREAM_Triad,4,3454207,8071,0,164,2,35295,11518
tuned_STREAM_Triad,4,3447979,8028,0,169,0,35511,12423
tuned_STREAM_Copy,2,41358530,43407,0,1050,8,198510,83402
tuned_STREAM_Scale,3,15880841,18472,0,416,4,83427,35564
tuned_STREAM_Triad,4,3414465,8033,0,149,0,33788,14997
tuned_STREAM_Triad,4,3439955,8045,0,168,4,34742,12837
tuned_STREAM_Add,3,16751292,24651,0,508,3,105248,35871
tuned_STREAM_Triad,4,3447723,7895,0,177,0,35260,11291
tuned_STREAM_Triad,4,3454008,7983,0,151,3,35512,12501
tuned_STREAM_Copy,2,41208289,43153,0,1023,2,196448,83525
tuned_STREAM_Scale,3,15807405,17788,0,400,0,80861,35784
tuned_STREAM_Triad,4,3381925,7964,0,143,0,33018,12819
tuned_STREAM_Triad,4,3439205,8064,0,155,0,34762,13023
tuned_STREAM_Add,3,16702307,25074,0,504,2,105778,35890
tuned_STREAM_Triad,4,3432917,8045,0,177,0,35346,11209
tuned_STREAM_Triad,4,3449133,7989,0,164,0,35559,12415
tuned_STREAM_Copy,2,41351483,44243,0,996,8,199432,83555
tuned_STREAM_Scale,3,15901533,18684,0,417,3,83752,35549
tuned_STREAM_Triad,4,3407487,7979,0,150,1,33576,13753
tuned_STREAM_Triad,4,3440239,7935,0,156,0,34726,12858
tuned_STREAM_Add,3,16801340,25260,0,488,5,105917,35971
tuned_STREAM_Triad,4,3452986,8166,0,159,5,35359,11199
tuned_STREAM_Triad,4,3469759,8123,0,171,0,35560,12497
tuned_STREAM_Copy,2,41272084,44790,0,1051,9,200031,83009
tuned_STREAM_Scale,3,15844174,19696,0,447,4,85152,35276
tuned_STREAM_Triad,4,3385805,7477,0,155,3,32443,14945
tuned_STREAM_Triad,4,3431857,8030,0,180,0,34572,12952
tuned_STREAM_Add,3,16750212,24784,0,503,4,104947,35773
tuned_STREAM_Triad,4,3454982,8093,0,159,0,35240,11122
tuned_STREAM_Triad,4,3458876,8097,0,162,4,35515,12445
tuned_STREAM_Copy,2,41331823,42624,0,1013,4,195213,83750
tuned_STREAM_Scale,3,15800217,17397,0,416,4,79602,35898
tuned_STREAM_Triad,4,3384628,7924,0,147,0,32684,12359
tuned_STREAM_Triad,4,3435759,8097,0,160,3,34798,12955
tuned_STREAM_Add,3,16794521,24960,0,489,0,105944,35939
tuned_STREAM_Triad,4,3456625,7907,0,167,0,35409,11370
tuned_STREAM_Triad,4,3471778,8145,0,149,0,35602,12391
tuned_STREAM_Copy,2,41258099,43494,0,1061,8,197566,83461
tuned_STREAM_Scale,3,15876929,18671,0,432,2,83280,35608
tuned_STREAM_Triad,4,3406537,7951,0,150,1,33468,13699
tuned_STREAM_Triad,4,3439120,8061,0,176,0,34691,12958
tuned_STREAM_Add,3,16725610,24531,0,511,4,104568,35818
tuned_STREAM_Triad,4,3445960,8013,0,158,1,35277,11135
tuned_STREAM_Triad,4,3456943,7968,0,179,0,35459,12441
tuned_STREAM_Copy,2,41302211,43696,0,992,5,198082,83698
tuned_STREAM_Scale,3,15829190,18176,0,397,2,82108,35862
tuned_STREAM_Triad,4,3392935,7980,0,128,0,33399,13302
tuned_STREAM_Triad,4,3435664,8119,0,168,0,34842,12937
tuned_STREAM_Add,3,16763825,25183,0,491,3,106196,35925
tuned_STREAM_Triad,4,3443643,8005,0,150,3,35466,11242
tuned_STREAM_Triad,4,3463997,8087,0,175,0,35623,12420
tuned_STREAM_Copy,2,41389178,43440,0,1030,8,197450,83599
tuned_STREAM_Scale,3,15866565,18099,0,425,4,82101,35729
tuned_STREAM_Triad,4,3412507,8056,0,159,3,33302,13069
tuned_STREAM_Triad,4,3427576,8043,0,165,0,34712,13029
tuned_STREAM_Add,3,16798279,25077,0,495,4,105679,35856
tuned_STREAM_Triad,4,3457422,8152,0,166,0,35404,11299
tuned_STREAM_Triad,4,3466614,8103,0,157,3,35558,12411
tuned_STREAM_Copy,2,41295569,44685,0,1054,4,201151,83329
tuned_STREAM_Scale,3,15953895,20396,0,437,4,87623,35654
tuned_STREAM_Triad,4,3434238,8130,0,142,0,34217,15688
tuned_STREAM_Triad,4,3433668,8077,0,175,3,34867,12871
tuned_STREAM_Add,3,16677813,24004,0,508,0,103737,35657
tuned_STREAM_Triad,4,3443066,8074,0,157,0,35143,10964
tuned_STREAM_Triad,4,3449875,8106,0,172,0,35371,12488
tuned_STREAM_Copy,2,41332455,43271,0,1015,8,197565,83455
tuned_STREAM_Scale,3,15840481,18150,0,409,1,82504,35806
tuned_STREAM_Triad,4,3387669,7880,0,155,1,33398,13460
tuned_STREAM_Triad,4,3440230,8025,0,155,0,34731,12872
tuned_STREAM_Add,3,16752788,24700,0,493,5,105270,35867
tuned_STREAM_Triad,4,3442135,8019,0,166,5,35282,11296
tuned_STREAM_Triad,4,3468533,8002,0,164,0,35454,12486
tuned_STREAM_Copy,2,41435826,44872,0,1010,7,200525,83425
tuned_STREAM_Scale,3,15895629,19539,0,414,3,84771,35490
tuned_STREAM_Triad,4,3408124,8161,0,148,3,33699,14288
tuned_STREAM_Triad,4,3437854,8105,0,175,0,34738,13004
tuned_STREAM_Add,3,16792637,25050,0,491,4,105832,35942
tuned_STREAM_Triad,4,3446303,8033,0,159,3,35366,11239
tuned_STREAM_Triad,4,3479731,8119,0,170,0,35534,12462
tuned_STREAM_Copy,2,41326230,43545,0,1044,8,197747,83460
tuned_STREAM_Scale,3,15848314,18429,0,444,4,82490,35635
tuned_STREAM_Triad,4,3387553,8060,0,150,0,33342,13346
tuned_STREAM_Triad,4,3448633,8148,0,189,4,34752,12927
tuned_STREAM_Add,3,16760944,24745,0,492,4,105470,35918
tuned_STREAM_Triad,4,3449699,7968,0,165,0,35314,11132
tuned_STREAM_Triad,4,3463820,8016,0,169,3,35540,12453
tuned_STREAM_Copy,2,41322404,44003,0,1015,3,197485,83675
tuned_STREAM_Scale,3,15833980,18399,0,410,0,81538,35608
tuned_STREAM_Triad,4,3385484,8152,0,144,0,33083,13000
tuned_STREAM_Triad,4,3435340,8086,0,164,0,34735,12894
tuned_STREAM_Add,3,16769245,25349,0,502,3,106199,36077
tuned_STREAM_Triad,4,3451818,8121,0,179,1,35455,11325
tuned_STREAM_Triad,4,3455882,7995,0,164,0,35599,12407
tuned_STREAM_Copy,2,41377950,44542,0,1053,5,201325,83541
tuned_STREAM_Scale,3,15908120,19327,0,433,2,85757,35610
tuned_STREAM_Triad,4,3417929,8051,0,157,0,33971,15148
tuned_STREAM_Triad,4,3434549,7929,0,166,0,34867,12915
tuned_STREAM_Add,3,16748359,24922,0,503,3,105782,35906
tuned_STREAM_Triad,4,3446503,8038,0,177,3,35356,10989
tuned_STREAM_Triad,4,3455635,8015,0,168,0,35565,12504
tuned_STREAM_Copy,2,41367278,43696,0,1027,8,197870,83510
tuned_STREAM_Scale,3,15882700,18183,0,418,3,82263,35770
tuned_STREAM_Triad,4,3404354,7975,0,149,3,33412,13411
tuned_STREAM_Triad,4,3445862,7978,0,172,0,34778,12908
tuned_STREAM_Add,3,16763875,25214,0,494,4,105810,35868
tuned_STREAM_Triad,4,3450628,8138,0,166,0,35398,11258
tuned_STREAM_Triad,4,3462990,8182,0,167,4,35575,12396
tuned_STREAM_Copy,2,41299533,43010,0,1038,4,196931,83682
tuned_STREAM_Scale,3,15824752,17994,0,417,4,81429,35784
tuned_STREAM_Triad,4,3396136,7958,0,157,0,33122,12973
tuned_STREAM_Triad,4,3430337,8040,0,159,3,34747,12985
tuned_STREAM_Add,3,16747544,24763,0,507,0,105770,35948
tuned_STREAM_Triad,4,3434665,7984,0,170,0,35380,11335
tuned_STREAM_Triad,4,3467064,8040,0,165,0,35560,12437
tuned_STREAM_Copy,2,41160417,42573,0,1006,7,196333,82864
tuned_STREAM_Scale,3,15842628,18741,0,424,2,83796,35401
tuned_STREAM_Triad,4,3380833,7476,0,147,0,32878,14485
tuned_STREAM_Triad,4,3434908,8031,0,159,0,34610,12577
tuned_STREAM_Add,3,16650535,23540,0,492,2,102715,35528
tuned_STREAM_Triad,4,3443453,8038,0,156,0,34954,10910
tuned_STREAM_Triad,4,3447314,7961,0,171,0,35279,12451
tuned_STREAM_Copy,2,41229805,42039,0,1011,7,192903,83699
tuned_STREAM_Scale,3,15794483,17237,0,429,4,78432,36105
tuned_STREAM_Triad,4,3380035,8007,0,169,3,32523,12183
tuned_STREAM_Triad,4,3443007,8178,0,153,0,34805,12815
tuned_STREAM_Add,3,16714558,24553,0,498,3,104741,35748
tuned_STREAM_Triad,4,3451253,8281,0,168,3,35257,11239
tuned_STREAM_Triad,4,3448470,7978,0,178,0,35485,12468
tuned_STREAM_Copy,2,41288873,44352,0,1030,5,199079,83373
tuned_STREAM_Scale,3,15903785,18999,0,429,4,83730,35609
tuned_STREAM_Triad,4,3416419,8061,0,152,0,33510,13865
tuned_STREAM_Triad,4,3435640,7997,0,168,4,34689,12927
tuned_STREAM_Add,3,16732047,25073,0,494,1,105516,35878
tuned_STREAM_Triad,4,3440330,8074,0,165,0,35290,11222
tuned_STREAM_Triad,4,3453873,8094,0,164,1,35519,12505
tuned_STREAM_Copy,2,41370028,44906,0,981,5,201483,83363
tuned_STREAM_Scale,3,15908214,19898,0,390,0,86420,35635
tuned_STREAM_Triad,4,3420719,8113,0,144,0,34052,14774
tuned_STREAM_Triad,4,3427986,8039,0,137,0,34788,12947
tuned_STREAM_Add,3,16760098,24719,0,496,4,105339,35871
tuned_STREAM_Triad,4,3447298,7925,0,154,0,35258,11317
tuned_STREAM_Triad,4,3460323,7961,0,168,0,35458,12443
tuned_STREAM_Copy,2,41235751,42683,0,1009,7,195689,83620
tuned_STREAM_Scale,3,15841778,17878,0,426,3,80999,35814
tuned_STREAM_Triad,4,3392571,8086,0,164,1,33078,12929
tuned_STREAM_Triad,4,3439301,7988,0,160,0,34713,13038
tuned_STREAM_Add,3,16686439,24553,0,472,4,104947,35926
tuned_STREAM_Triad,4,3447865,8108,0,153,4,35310,11271
tuned_STREAM_Triad,4,3439774,8094,0,166,0,35515,12541
tuned_STREAM_Copy,2,41360833,43925,0,1033,8,197934,83298
tuned_STREAM_Scale,3,15920218,19145,0,425,3,83666,35525
tuned_STREAM_Triad,4,3409814,8152,0,156,3,33569,13923
tuned_STREAM_Triad,4,3448527,8078,0,170,0,34716,12920
tuned_STREAM_Add,3,16732937,24500,0,499,4,104412,35810
tuned_STREAM_Triad,4,3434824,8024,0,151,0,35177,10930
tuned_STREAM_Triad,4,3474337,8194,0,178,4,35422,12461
tuned_STREAM_Copy,2,41386505,43370,0,1042,3,196693,83446
tuned_STREAM_Scale,3,15873137,18210,0,404,3,82087,35618
tuned_STREAM_Triad,4,3399453,7904,0,154,0,33192,13107
tuned_STREAM_Triad,4,3442257,7979,0,152,2,34709,12942
tuned_STREAM_Add,3,16774457,24907,0,519,0,104745,35786
tuned_STREAM_Triad,4,3452856,8071,0,167,0,35212,11244
tuned_STREAM_Triad,4,3467177,8228,0,171,0,35415,12457
tuned_STREAM_Copy,2,41340644,44945,0,1009,7,199592,83382
tuned_STREAM_Scale,3,15911698,19383,0,410,2,83890,35580
tuned_STREAM_Triad,4,3397811,8032,0,147,1,33490,13859
tuned_STREAM_Triad,4,3450705,8292,0,157,0,34657,13044
tuned_STREAM_Add,3,16762009,25269,0,491,3,105880,35945
tuned_STREAM_Triad,4,3450994,8084,0,171,1,35354,11283
tuned_STREAM_Triad,4,3459433,8152,0,161,0,35562,12452
tuned_STREAM_Copy,2,41344042,44195,0,1004,8,200171,83554
tuned_STREAM_Scale,3,15906736,18928,0,409,4,84662,35677
tuned_STREAM_Triad,4,3416180,8028,0,153,1,33912,14287
tuned_STREAM_Triad,4,3433053,7980,0,155,0,34822,12858
tuned_STREAM_Add,3,16749329,24940,0,484,4,105658,35935
tuned_STREAM_Triad,4,3452032,8077,0,173,3,35339,11202
tuned_STREAM_Triad,4,3451165,8016,0,162,0,35524,12472
tuned_STREAM_Copy,2,41386161,44442,0,1012,8,199149,83405
tuned_STREAM_Scale,3,15885411,19202,0,428,5,83977,35551
tuned_STREAM_Triad,4,3408662,8070,0,150,3,33654,13835
tuned_STREAM_Triad,4,3429201,8123,0,165,0,34735,12895
tuned_STREAM_Add,3,16773241,24989,0,476,3,105375,35898
tuned_STREAM_Triad,4,3450244,8086,0,165,0,35318,11139
tuned_STREAM_Triad,4,3468703,8085,0,157,3,35527,12479
tuned_STREAM_Copy,2,41357956,44911,0,991,2,201192,83438
tuned_STREAM_Scale,3,15903775,19493,0,405,2,85079,35595
tuned_STREAM_Triad,4,3411777,8253,0,136,0,33778,14719
tuned_STREAM_Triad,4,3441863,8025,0,166,2,34812,13016
tuned_STREAM_Add,3,16781191,25138,0,486,0,106250,35906
tuned_STREAM_Triad,4,3453058,8199,0,152,0,35464,11204
tuned_STREAM_Triad,4,3461220,7917,0,170,0,35627,12369
tuned_STREAM_Copy,2,41273398,43121,0,1029,5,197136,83717
tuned_STREAM_Scale,3,15837163,17910,0,440,0,81659,35780
tuned_STREAM_Triad,4,3393727,7969,0,158,0,33189,13102
tuned_STREAM_Triad,4,3429344,8014,0,171,0,34773,12943
tuned_STREAM_Add,3,16735058,24875,0,494,2,105743,35877
tuned_STREAM_Triad,4,3440383,7939,0,173,0,35371,11278
tuned_STREAM_Triad,4,3453036,7972,0,158,0,35573,12401
tuned_STREAM_Copy,2,41269832,43807,0,1042,8,198444,83483
tuned_STREAM_Scale,3,15851513,18622,0,434,5,83165,35619
tuned_STREAM_Triad,4,3399884,8063,0,147,5,33428,13595
tuned_STREAM_Triad,4,3433005,7914,0,185,0,34732,12947
tuned_STREAM_Add,3,16779954,24903,0,495,3,105438,35813
tuned_STREAM_Triad,4,3452554,7977,0,169,2,35363,11264
tuned_STREAM_Triad,4,3463270,8162,0,170,0,35563,12451
tuned_STREAM_Copy,2,41288826,44289,0,1020,8,200099,83326
tuned_STREAM_Scale,3,15884049,19289,0,421,4,84952,35566
tuned_STREAM_Triad,4,3402925,7947,0,160,0,33858,14485
tuned_STREAM_Triad,4,3441832,8215,0,163,3,34750,12876
tuned_STREAM_Add,3,16726611,24711,0,481,4,105333,35793
tuned_STREAM_Triad,4,3450798,7975,0,161,0,35272,11167
tuned_STREAM_Triad,4,3446249,8010,0,155,3,35479,12404
tuned_STREAM_Copy,2,41281232,41670,0,1021,2,194242,83390
tuned_STREAM_Scale,3,15852290,17559,0,399,0,80608,35638
tuned_STREAM_Triad,4,3399638,8000,0,145,0,33118,12726
tuned_STREAM_Triad,4,3443110,7964,0,153,0,34717,12861
tuned_STREAM_Add,3,16698698,23868,0,530,2,103871,35780
tuned_STREAM_Triad,4,3447013,7957,0,172,0,35145,10779
tuned_STREAM_Triad,4,3458374,8051,0,180,0,35395,12467
tuned_STREAM_Copy,2,41305607,44480,0,1013,7,200162,83322
tuned_STREAM_Scale,3,15891176,19489,0,440,2,84770,35600
tuned_STREAM_Triad,4,3412780,8139,0,158,0,33724,14522
tuned_STREAM_Triad,4,3434978,8194,0,170,0,34713,13011
tuned_STREAM_Add,3,16752292,24708,0,465,4,105552,35844
tuned_STREAM_Triad,4,3445501,8006,0,158,3,35341,11108
tuned_STREAM_Triad,4,3460733,8039,0,160,1,35526,12432
tuned_STREAM_Copy,2,41272727,43464,0,1046,7,198313,83107
tuned_STREAM_Scale,3,15918633,19495,0,429,3,84982,35629
tuned_STREAM_Triad,4,3412497,8029,0,165,3,33859,14255
tuned_STREAM_Triad,4,3438306,8056,0,167,0,34828,12905
tuned_STREAM_Add,3,16644337,23599,0,503,3,103483,35567
tuned_STREAM_Triad,4,3424814,7923,0,163,0,35062,10526
tuned_STREAM_Triad,4,3456052,7965,0,161,3,35339,12437
tuned_STREAM_Copy,2,41270443,44998,0,1054,3,201075,83378
tuned_STREAM_Scale,3,15882905,19590,0,447,3,85094,35551
tuned_STREAM_Triad,4,3407044,8149,0,156,0,33729,14372
tuned_STREAM_Triad,4,3427333,8048,0,175,3,34729,12990
tuned_STREAM_Add,3,16762918,25132,0,505,0,106142,35903
tuned_STREAM_Triad,4,3448299,8012,0,171,0,35439,11121
tuned_STREAM_Triad,4,3456026,7995,0,167,0,35614,12473
tuned_STREAM_Copy,2,41285511,45068,0,1033,3,201403,83425
tuned_STREAM_Scale,3,15884648,19619,0,415,0,85773,35731
tuned_STREAM_Triad,4,3408432,8039,0,149,0,34071,14882
tuned_STREAM_Triad,4,3434006,8176,0,166,0,34872,12934
tuned_STREAM_Add,3,16733027,25147,0,502,3,105842,35772
tuned_STREAM_Triad,4,3449296,8074,0,170,0,35406,11195
tuned_STREAM_Triad,4,3443877,8015,0,160,0,35569,12356
tuned_STREAM_Copy,2,41320456,42780,0,1011,8,196166,83567
tuned_STREAM_Scale,3,15858467,18337,0,411,4,82289,35749
tuned_STREAM_Triad,4,3404273,8124,0,147,3,33361,13155
tuned_STREAM_Triad,4,3434472,8064,0,163,0,34763,12963
tuned_STREAM_Add,3,16739129,24190,0,498,4,104204,35830
tuned_STREAM_Triad,4,3465260,8122,0,166,3,35310,11235
tuned_STREAM_Triad,4,3459216,7961,0,161,0,35504,12493
tuned_STREAM_Copy,2,41287789,43318,0,1015,5,196182,83868
tuned_STREAM_Scale,3,15855431,17882,0,414,3,80440,35727
tuned_STREAM_Triad,4,3403282,8134,0,148,0,32840,12715
tuned_STREAM_Triad,4,3440695,8008,0,169,3,34734,12972
tuned_STREAM_Add,3,16754238,25028,0,520,2,105895,36130
tuned_STREAM_Triad,4,3455377,8084,0,163,0,35415,11393
tuned_STREAM_Triad,4,3457425,8091,0,187,2,35646,12519
tuned_STREAM_Copy,2,41343732,44313,0,1016,5,200380,83568
tuned_STREAM_Scale,3,15912097,19205,0,428,0,85155,35649
tuned_STREAM_Triad,4,3413087,8121,0,160,0,33986,14291
tuned_STREAM_Triad,4,3442918,8029,0,168,0,34862,12842
tuned_STREAM_Add,3,16721886,24772,0,493,4,105460,35963
tuned_STREAM_Triad,4,3437154,8057,0,162,0,35347,11223
tuned_STREAM_Triad,4,3454020,8011,0,169,0,35567,12506
tuned_STREAM_Copy,2,41413444,43900,0,1059,7,198566,83423
tuned_STREAM_Scale,3,15895850,18774,0,423,3,83541,35619
tuned_STREAM_Triad,4,3412464,8008,0,131,1,33537,13644
tuned_STREAM_Triad,4,3432682,7980,0,186,0,34765,12966
tuned_STREAM_Add,3,16788992,24870,0,525,4,105182,35817
tuned_STREAM_Triad,4,3459170,8135,0,172,4,35313,11240
tuned_STREAM_Triad,4,3466069,8072,0,176,0,35533,12455
tuned_STREAM_Copy,2,41357374,44153,0,1032,9,199478,83269
tuned_STREAM_Scale,3,15933406,19253,0,423,4,84689,35562
tuned_STREAM_Triad,4,3422896,8043,0,158,3,33701,14181
tuned_STREAM_Triad,4,3443431,7944,0,167,0,34696,13017
tuned_STREAM_Add,3,16740787,24615,0,501,4,104988,35775
tuned_STREAM_Triad,4,3446338,8022,0,163,0,35174,11076
tuned_STREAM_Triad,4,3459840,8136,0,178,4,35428,12575
tuned_STREAM_Copy,2,41278389,42650,0,1056,3,196118,83236
tuned_STREAM_Scale,3,15867798,18357,0,441,3,82690,35806
tuned_STREAM_Triad,4,3408408,8057,0,171,0,33314,13525
tuned_STREAM_Triad,4,3431009,8008,0,175,3,34772,12975
tuned_STREAM_Add,3,16706559,23809,0,510,0,103522,35609
tuned_STREAM_Triad,4,3463901,8120,0,177,0,35090,10802
tuned_STREAM_Triad,4,3446560,7941,0,168,0,35393,12511
tuned_STREAM_Copy,2,41217273,44292,0,1042,5,198949,83414
tuned_STREAM_Scale,3,15874056,19153,0,443,1,83606,35569
tuned_STREAM_Triad,4,3408835,8126,0,153,0,33470,13851
tuned_STREAM_Triad,4,3427378,8133,0,178,0,34654,12950
tuned_STREAM_Add,3,16713513,24826,0,496,2,105393,35907
tuned_STREAM_Triad,4,3444342,7977,0,188,0,35319,10779
tuned_STREAM_Triad,4,3446443,8030,0,149,0,35547,12576
tuned_STREAM_Copy,2,41302084,43201,0,1054,7,196742,83500
tuned_STREAM_Scale,3,15874384,18016,0,420,3,81794,35739
tuned_STREAM_Triad,4,3403564,8000,0,144,1,33249,13224
tuned_STREAM_Triad,4,3442378,7983,0,168,0,34758,12908
tuned_STREAM_Add,3,16722606,24900,0,512,4,105173,35867
tuned_STREAM_Triad,4,3441816,8036,0,168,3,35336,11121
tuned_STREAM_Triad,4,3457961,8092,0,168,0,35534,12445
tuned_STREAM_Copy,2,41303535,43450,0,998,8,198279,83278
tuned_STREAM_Scale,3,15896112,19273,0,417,4,84779,35701
tuned_STREAM_Triad,4,3412015,8104,0,146,2,33796,14144
tuned_STREAM_Triad,4,3426755,7957,0,168,0,34776,12966
tuned_STREAM_Add,3,16694659,23918,0,481,4,103817,35725
tuned_STREAM_Triad,4,3448394,7995,0,166,0,35166,11043
tuned_STREAM_Triad,4,3456077,8023,0,149,3,35468,12555
tuned_STREAM_Copy,2,41385403,45777,0,1052,3,202556,83106
tuned_STREAM_Scale,3,15960521,20649,0,421,3,87280,35378
tuned_STREAM_Triad,4,3406829,7843,0,153,0,33460,15436
tuned_STREAM_Triad,4,3453677,8144,0,173,3,34711,12944
tuned_STREAM_Add,3,16737035,24834,0,512,0,105372,35796
tuned_STREAM_Triad,4,3443261,7906,0,176,0,35350,11133
tuned_STREAM_Triad,4,3456634,8118,0,168,0,35576,12325
tuned_STREAM_Copy,2,41360672,44583,0,1031,6,200310,83373
tuned_STREAM_Scale,3,15909196,19704,0,425,0,85203,35702
tuned_STREAM_Triad,4,3412634,8101,0,155,0,33817,14445
tuned_STREAM_Triad,4,3438222,8257,0,162,0,34731,12971
tuned_STREAM_Add,3,16745967,24553,0,500,3,105421,35858
tuned_STREAM_Triad,4,3454585,7928,0,169,1,35292,11159
tuned_STREAM_Triad,4,3444448,7971,0,164,0,35495,12436
tuned_STREAM_Copy,2,41328131,44601,0,1025,7,201109,83359
tuned_STREAM_Scale,3,15896272,19283,0,423,3,85101,35625
tuned_STREAM_Triad,4,3410159,8037,0,159,3,33747,14372
tuned_STREAM_Triad,4,3436381,8052,0,156,0,34736,13008
tuned_STREAM_Add,3,16789382,25035,0,506,4,106182,35868
tuned_STREAM_Triad,4,3456751,7975,0,165,3,35452,11203
tuned_STREAM_Triad,4,3461542,8051,0,177,0,35619,12414
tuned_STREAM_Copy,2,41338023,45614,0,1046,7,202030,83176
tuned_STREAM_Scale,3,15927085,21094,0,429,4,88127,35640
tuned_STREAM_Triad,4,3410834,8016,0,148,0,34065,15533
tuned_STREAM_Triad,4,3436128,8126,0,168,4,34810,13041
tuned_STREAM_Add,3,16719519,24244,0,524,2,104189,35643
tuned_STREAM_Triad,4,3436655,7984,0,172,0,35168,10638
tuned_STREAM_Triad,4,3463694,8130,0,176,2,35438,12537
tuned_STREAM_Copy,2,41362033,45327,0,1011,4,202145,83021
tuned_STREAM_Scale,3,15963156,20940,0,413,1,88544,35640
tuned_STREAM_Triad,4,3421446,8081,0,154,0,34146,15738
tuned_STREAM_Triad,4,3444915,8099,0,161,0,34787,12922
tuned_STREAM_Add,3,16675921,24133,0,498,3,103917,35575
tuned_STREAM_Triad,4,3443943,7996,0,170,1,35136,10805
tuned_STREAM_Triad,4,3449065,8134,0,168,0,35381,12496
tuned_STREAM_Copy,2,41162966,42355,0,1024,6,195504,83363
tuned_STREAM_Scale,3,15845190,18217,0,427,3,81988,35705
tuned_STREAM_Triad,4,3394755,7919,0,160,1,33206,13370
tuned_STREAM_Triad,4,3437781,8114,0,174,0,34692,12973
tuned_STREAM_Add,3,16673971,23853,0,493,2,103720,35841
tuned_STREAM_Triad,4,3444165,7927,0,166,2,35122,10582
tuned_STREAM_Triad,4,3441965,7885,0,169,0,35102,12528
tuned_STREAM_Copy,2,41228312,41623,0,1006,7,192495,83342
tuned_STREAM_Scale,3,15775790,16521,0,419,3,76933,35769
tuned_STREAM_Triad,4,3387606,8064,0,152,3,32905,11142
tuned_STREAM_Triad,4,3435438,8055,0,162,0,34637,12624
tuned_STREAM_Add,3,16746864,24827,0,480,4,105725,35705
tuned_STREAM_Triad,4,3439416,7940,0,160,0,35352,11388
tuned_STREAM_Triad,4,3455211,7935,0,161,3,35580,12380
tuned_STREAM_Copy,2,41135671,43456,0,1039,3,198406,83260
tuned_STREAM_Scale,3,15821280,18714,0,441,3,83977,35554
tuned_STREAM_Triad,4,3390607,7967,0,156,0,33599,13905
tuned_STREAM_Triad,4,3422448,7900,0,176,3,34682,12927
tuned_STREAM_Add,3,16704432,24436,0,483,0,104689,35777
tuned_STREAM_Triad,4,3451988,8060,0,154,0,35281,11089
tuned_STREAM_Triad,4,3442101,7994,0,159,0,35461,12466
tuned_STREAM_Copy,2,41311614,44913,0,1017,6,201614,83475
tuned_STREAM_Scale,3,15899664,19702,0,401,0,85637,35691
tuned_STREAM_Triad,4,3416390,8171,0,144,0,33998,14910
tuned_STREAM_Triad,4,3435729,8018,0,163,0,34863,12891
tuned_STREAM_Add,3,16728351,24876,0,508,4,105981,35827
tuned_STREAM_Triad,4,3445310,8033,0,192,1,35410,11251
tuned_STREAM_Triad,4,3450090,8065,0,158,0,35590,12439
tuned_STREAM_Copy,2,41244745,42632,0,1023,8,194772,83719
tuned_STREAM_Scale,3,15799799,17706,0,421,4,79684,35841
tuned_STREAM_Triad,4,3380182,8104,0,151,4,32657,12452
tuned_STREAM_Triad,4,3435744,8150,0,178,0,34792,12949
tuned_STREAM_Add,3,16731863,24666,0,487,4,105318,35906
tuned_STREAM_Triad,4,3455972,7937,0,167,3,35308,11319
tuned_STREAM_Triad,4,3447441,8025,0,164,0,35526,12527
tuned_STREAM_Copy,2,41334950,44786,0,1016,6,201032,83315
tuned_STREAM_Scale,3,15946152,20051,0,406,4,86505,35494
tuned_STREAM_Triad,4,3415879,8002,0,143,0,33911,14902
tuned_STREAM_Triad,4,3446202,8042,0,167,4,34724,12970
tuned_STREAM_Add,3,16723677,24452,0,516,2,104674,35804
tuned_STREAM_Triad,4,3450893,7947,0,176,0,35185,11096
tuned_STREAM_Triad,4,3449193,8039,0,161,2,35493,12519
tuned_STREAM_Copy,2,41292327,42652,0,1004,6,195242,83593
tuned_STREAM_Scale,3,15844314,17785,0,408,0,80200,35932
tuned_STREAM_Triad,4,3392323,8015,0,141,0,32819,12807
tuned_STREAM_Triad,4,3447656,8188,0,152,0,34758,12945
tuned_STREAM_Add,3,16724915,24519,0,491,5,105197,35889
tuned_STREAM_Triad,4,3441002,7873,0,167,0,35286,11203
tuned_STREAM_Triad,4,3456584,8025,0,168,0,35494,12464
tuned_STREAM_Copy,2,41174330,43075,0,1014,6,196390,83174
tuned_STREAM_Scale,3,15866218,18692,0,415,2,82909,35684
tuned_STREAM_Triad,4,3410173,8072,0,160,0,33453,13331
tuned_STREAM_Triad,4,3425494,7961,0,155,0,34689,13107
tuned_STREAM_Add,3,16687219,24096,0,489,4,103655,35531
tuned_STREAM_Triad,4,3438084,7987,0,173,4,34947,11162
tuned_STREAM_Triad,4,3454022,7956,0,155,0,35331,12344
tuned_STREAM_Copy,2,41290531,43643,0,1007,5,197818,83135
tuned_STREAM_Scale,3,15891772,19146,0,414,1,84011,35657
tuned_STREAM_Triad,4,3397261,7928,0,144,1,33578,14039
tuned_STREAM_Triad,4,3440956,8013,0,168,0,34547,13109
tuned_STREAM_Add,3,16707529,24178,0,497,4,103932,35601
tuned_STREAM_Triad,4,3449911,7993,0,167,0,35060,11160
tuned_STREAM_Triad,4,3454824,8046,0,166,4,35357,12429
tuned_STREAM_Copy,2,41121493,41292,0,1026,3,191248,83421
tuned_STREAM_Scale,3,15739094,16821,0,411,3,77800,35879
tuned_STREAM_Triad,4,3378352,8061,0,143,0,32572,11847
tuned_STREAM_Triad,4,3412118,7765,0,164,2,34428,12715
tuned_STREAM_Add,3,16685635,24195,0,509,0,103688,35689
tuned_STREAM_Triad,4,3439931,7960,0,178,0,35046,11435
tuned_STREAM_Triad,4,3453444,8069,0,155,0,35301,12445
tuned_STREAM_Copy,2,41273143,43428,0,1029,6,196625,83475
tuned_STREAM_Scale,3,15829942,18336,0,413,1,81687,35660
tuned_STREAM_Triad,4,3381656,8069,0,145,1,33070,13283
tuned_STREAM_Triad,4,3442962,8123,0,165,0,34699,12956
tuned_STREAM_Add,3,16760473,24800,0,492,3,105085,35905
tuned_STREAM_Triad,4,3448871,7968,0,164,1,35128,11302
tuned_STREAM_Triad,4,3463143,8180,0,161,0,35430,12410
tuned_STREAM_Copy,2,41279602,42871,0,1008,7,196396,83558
tuned_STREAM_Scale,3,15859206,18325,0,401,4,81751,35772
tuned_STREAM_Triad,4,3401107,8222,0,140,4,33176,12908
tuned_STREAM_Triad,4,3435723,8035,0,166,0,34787,13005
tuned_STREAM_Add,3,16708687,24248,0,501,3,104834,35830
tuned_STREAM_Triad,4,3441589,7870,0,150,3,35289,10625
tuned_STREAM_Triad,4,3452217,8032,0,174,0,35471,12491
tuned_STREAM_Copy,2,41291287,44290,0,1026,7,199603,83287
tuned_STREAM_Scale,3,15848844,18650,0,425,4,83879,35575
tuned_STREAM_Triad,4,3401251,7964,0,146,0,33669,13922
tuned_STREAM_Triad,4,3426912,7846,0,170,4,34410,12898
tuned_STREAM_Add,3,16797198,25361,0,497,3,105959,35786
tuned_STREAM_Triad,4,3447097,8082,0,161,0,35374,11179
tuned_STREAM_Triad,4,3470065,8107,0,170,3,35577,12379
tuned_STREAM_Copy,2,41371033,45338,0,1056,3,201900,83398
tuned_STREAM_Scale,3,15969221,20722,0,449,3,87654,35668
tuned_STREAM_Triad,4,3430705,8143,0,158,0,34238,15312
tuned_STREAM_Triad,4,3442382,8167,0,174,3,34935,12860
tuned_STREAM_Add,3,16698581,24323,0,488,0,104492,35723
tuned_STREAM_Triad,4,3437505,7970,0,164,0,35243,10704
tuned_STREAM_Triad,4,3463347,8095,0,165,0,35472,12525
tuned_STREAM_Copy,2,41358810,43989,0,1042,7,198356,83250
tuned_STREAM_Scale,3,15907863,19238,0,431,3,83971,35703
tuned_STREAM_Triad,4,3415138,8124,0,154,0,33671,13901
tuned_STREAM_Triad,4,3437213,8067,0,171,0,34734,12971
tuned_STREAM_Add,3,16728942,24498,0,513,4,104628,35732
tuned_STREAM_Triad,4,3447969,8047,0,168,4,35240,11102
tuned_STREAM_Triad,4,3455087,8067,0,180,0,35473,12507
tuned_STREAM_Copy,2,41190458,43115,0,1016,9,196817,83559
tuned_STREAM_Scale,3,15817456,17883,0,440,4,81578,35755
tuned_STREAM_Triad,4,3395188,7874,0,155,3,33178,13246
tuned_STREAM_Triad,4,3425022,7982,0,172,0,34710,13001
tuned_STREAM_Add,3,16728140,24950,0,488,4,105409,35924
tuned_STREAM_Triad,4,3433410,7819,0,167,0,34770,11681
tuned_STREAM_Triad,4,3450787,7969,0,158,4,35525,12008
tuned_STREAM_Copy,2,41242045,41825,0,1022,3,193813,83617
tuned_STREAM_Scale,3,15812111,17385,0,413,3,79671,35834
tuned_STREAM_Triad,4,3383348,7897,0,146,0,32697,12369
tuned_STREAM_Triad,4,3442075,8017,0,164,3,34814,12945
tuned_STREAM_Add,3,16702172,24143,0,508,0,104311,35741
tuned_STREAM_Triad,4,3438227,7963,0,180,0,35240,10740
tuned_STREAM_Triad,4,3466044,8009,0,162,0,35499,12420
tuned_STREAM_Copy,2,41268163,44359,0,1047,4,199416,83503
tuned_STREAM_Scale,3,15922191,19227,0,451,0,84108,35513
tuned_STREAM_Triad,4,3428645,8126,0,164,0,33629,13926
tuned_STREAM_Triad,4,3433711,8116,0,178,0,34688,12894
tuned_STREAM_Add,3,16711895,24844,0,498,1,105484,35981
tuned_STREAM_Triad,4,3440655,8036,0,163,0,35311,11290
tuned_STREAM_Triad,4,3451302,7940,0,172,0,35561,12538
tuned_STREAM_Copy,2,41374025,44085,0,996,8,198763,83493
tuned_STREAM_Scale,3,15930227,19288,0,399,3,83802,35594
tuned_STREAM_Triad,4,3416498,7994,0,140,1,33704,14050
tuned_STREAM_Triad,4,3450144,8200,0,165,0,34764,12914
tuned_STREAM_Add,3,16740795,24488,0,502,4,105071,35913
tuned_STREAM_Triad,4,3448583,8036,0,167,3,35275,11018
tuned_STREAM_Triad,4,3455601,7996,0,170,0,35529,12552
tuned_STREAM_Copy,2,41183545,41859,0,969,7,193792,83740
tuned_STREAM_Scale,3,15800423,17233,0,410,3,79109,35941
tuned_STREAM_Triad,4,3378018,8037,0,143,3,32684,12149
tuned_STREAM_Triad,4,3437823,7949,0,165,0,34808,12903
tuned_STREAM_Add,3,16687921,24379,0,472,4,104931,35868
tuned_STREAM_Triad,4,3451534,8027,0,154,0,35374,10980
tuned_STREAM_Triad,4,3428976,7656,0,156,3,34972,12364
tuned_STREAM_Copy,2,41265826,42470,0,1039,4,194686,83704
tuned_STREAM_Scale,3,15818707,17210,0,422,4,79441,35797
tuned_STREAM_Triad,4,3395784,7904,0,151,0,32715,12273
tuned_STREAM_Triad,4,3432919,8065,0,164,3,34765,12908
tuned_STREAM_Add,3,16777079,24988,0,527,0,105582,35908
tuned_STREAM_Triad,4,3455189,8051,0,183,0,35321,11354
tuned_STREAM_Triad,4,3467306,8206,0,166,0,35533,12500
tuned_STREAM_Copy,2,41321751,42659,0,1018,5,196980,83613
tuned_STREAM_Scale,3,15858857,17959,0,425,0,82028,35844
tuned_STREAM_Triad,4,3409660,8160,0,159,0,33235,13181
tuned_STREAM_Triad,4,3429962,7879,0,163,0,34815,13001
tuned_STREAM_Add,3,16745475,24324,0,473,3,105123,35863
tuned_STREAM_Triad,4,3445181,7915,0,162,1,35345,11196
tuned_STREAM_Triad,4,3464509,7969,0,143,0,35552,12469
tuned_STREAM_Copy,2,41282820,43505,0,1054,4,197858,83426
tuned_STREAM_Scale,3,15894427,18538,0,429,3,82973,35625
tuned_STREAM_Triad,4,3412742,8151,0,148,3,33424,13721
tuned_STREAM_Triad,4,3446511,8066,0,177,0,34777,13052
tuned_STREAM_Add,3,16742827,24683,0,511,1,104981,35827
tuned_STREAM_Triad,4,3463806,8023,0,166,1,35247,11284
tuned_STREAM_Triad,4,3453200,8075,0,169,0,35485,12471
tuned_STREAM_Copy,2,41351719,44722,0,1047,6,199737,83444
tuned_STREAM_Scale,3,15866429,19128,0,456,3,84391,35780
tuned_STREAM_Triad,4,3415244,8149,0,153,0,33833,14533
tuned_STREAM_Triad,4,3425379,8012,0,190,3,34822,12866
tuned_STREAM_Add,3,16786402,24998,0,509,3,105379,35856
tuned_STREAM_Triad,4,3463473,8143,0,177,0,35359,11241
tuned_STREAM_Triad,4,3466608,8141,0,170,3,35557,12426
tuned_STREAM_Copy,2,41333129,43424,0,1032,3,199045,83562
tuned_STREAM_Scale,3,15909397,18513,0,427,1,84043,35687
tuned_STREAM_Triad,4,3417879,7984,0,153,0,33706,13848
tuned_STREAM_Triad,4,3435609,7867,0,157,0,34812,12961
tuned_STREAM_Add,3,16713077,24656,0,509,2,105240,35905
tuned_STREAM_Triad,4,3447604,8056,0,172,0,35344,10961
tuned_STREAM_Triad,4,3445944,8024,0,158,0,35525,12511
tuned_STREAM_Copy,2,41205774,42830,0,1056,6,195419,83559
tuned_STREAM_Scale,3,15824469,18108,0,425,2,81210,35685
tuned_STREAM_Triad,4,3386619,7951,0,153,0,32995,12988
tuned_STREAM_Triad,4,3437320,8170,0,177,0,34758,12979
tuned_STREAM_Add,3,16714436,24438,0,516,4,104312,35877
tuned_STREAM_Triad,4,3441673,8055,0,170,3,35218,11555
tuned_STREAM_Triad,4,3461835,8244,0,172,0,35490,12388
tuned_STREAM_Copy,2,41331734,43846,0,1023,7,198063,83376
tuned_STREAM_Scale,3,15906892,19369,0,422,3,83980,35670
tuned_STREAM_Triad,4,3410332,8142,0,146,3,33591,13888
tuned_STREAM_Triad,4,3440572,8078,0,165,0,34764,12983
tuned_STREAM_Add,3,16709756,24156,0,493,3,104211,35783
tuned_STREAM_Triad,4,3452134,8104,0,164,0,35168,10971
tuned_STREAM_Triad,4,3454501,7988,0,156,2,35459,12575
tuned_STREAM_Copy,2,41312653,45189,0,1015,2,200586,83387
tuned_STREAM_Scale,3,15882724,19509,0,410,2,84606,35589
tuned_STREAM_Triad,4,3408782,8177,0,165,0,33672,14120
tuned_STREAM_Triad,4,3433111,8017,0,152,2,34729,12962
tuned_STREAM_Add,3,16797038,25373,0,481,0,106102,35933
tuned_STREAM_Triad,4,3460363,8000,0,159,0,35415,11190
tuned_STREAM_Triad,4,3454404,8149,0,160,0,35590,12510
tuned_STREAM_Copy,2,41225510,42499,0,1028,5,194943,83650
tuned_STREAM_Scale,3,15842057,17541,0,423,0,80227,35771
tuned_STREAM_Triad,4,3401530,8007,0,144,0,33017,12799
tuned_STREAM_Triad,4,3436254,8090,0,169,0,34761,12925
tuned_STREAM_Add,3,16703435,24667,0,503,3,104891,35929
tuned_STREAM_Triad,4,3440850,8049,0,173,1,35233,11478
tuned_STREAM_Triad,4,3451550,8002,0,165,0,35473,12492
tuned_STREAM_Copy,2,41288454,42165,0,1045,8,193825,83830
tuned_STREAM_Scale,3,15828680,17032,0,421,5,78789,35896
tuned_STREAM_Triad,4,3383744,7924,0,151,5,32545,12127
tuned_STREAM_Triad,4,3452366,8024,0,171,0,34786,12828
tuned_STREAM_Add,3,16722907,24878,0,506,3,105236,35933
tuned_STREAM_Triad,4,3450957,8145,0,173,3,35307,11221
tuned_STREAM_Triad,4,3454969,7970,0,165,0,35531,12537
tuned_STREAM_Copy,2,41350948,45125,0,1028,6,202071,83136
tuned_STREAM_Scale,3,15978094,20835,0,420,3,88114,35519
tuned_STREAM_Triad,4,3433249,8111,0,149,0,34081,15631
tuned_STREAM_Triad,4,3439292,8165,0,167,3,34777,12933
tuned_STREAM_Add,3,16705474,24015,0,513,3,104138,35658
tuned_STREAM_Triad,4,3442793,7892,0,166,0,35130,11028
tuned_STREAM_Triad,4,3458950,8027,0,173,2,35384,12534
tuned_STREAM_Copy,2,41217046,42159,0,1027,2,194772,83399
tuned_STREAM_Scale,3,15796634,17457,0,428,0,80349,35877
tuned_STREAM_Triad,4,3382221,7946,0,154,0,32856,12932
tuned_STREAM_Triad,4,3431181,7915,0,173,0,34724,12932
tuned_STREAM_Add,3,16701264,24402,0,500,2,104561,35784
tuned_STREAM_Triad,4,3442586,8013,0,163,0,35245,11233
tuned_STREAM_Triad,4,3455841,7971,0,171,0,35455,12354
tuned_STREAM_Copy,2,41171667,42513,0,1022,6,196172,83236
tuned_STREAM_Scale,3,15900205,19007,0,416,3,83447,35679
tuned_STREAM_Triad,4,3404356,8093,0,151,1,33433,13853
tuned_STREAM_Triad,4,3446616,8052,0,164,0,34724,12995
tuned_STREAM_Add,3,16631500,23223,0,507,3,102792,35550
tuned_STREAM_Triad,4,3437094,7839,0,174,3,35115,10135
tuned_STREAM_Triad,4,3448420,8160,0,159,0,35236,12525
tuned_STREAM_Copy,2,41238497,42065,0,1026,8,193581,83697
tuned_STREAM_Scale,3,15827202,17130,0,405,3,78829,36075
tuned_STREAM_Triad,4,3392428,8012,0,132,3,32607,12310
tuned_STREAM_Triad,4,3442986,7933,0,171,0,34853,12876
tuned_STREAM_Add,3,16711737,24652,0,517,4,105010,35775
tuned_STREAM_Triad,4,3439889,8032,0,168,0,35254,11090
tuned_STREAM_Triad,4,3457589,8159,0,181,4,35499,12474
tuned_STREAM_Copy,2,41376768,43860,0,1029,3,198991,83300
tuned_STREAM_Scale,3,15922316,19231,0,409,3,84569,35593
tuned_STREAM_Triad,4,3417975,8051,0,150,0,33742,14131
tuned_STREAM_Triad,4,3443074,8138,0,162,3,34807,12952
tuned_STREAM_Add,3,16723263,24375,0,506,0,104597,35739
tuned_STREAM_Triad,4,3447412,8013,0,159,0,35218,11151
tuned_STREAM_Triad,4,3458397,8009,0,171,0,35424,12422
tuned_STREAM_Copy,2,41187355,45067,0,1036,7,200738,83023
tuned_STREAM_Scale,3,15850194,20090,0,427,1,86096,35499
tuned_STREAM_Triad,4,3382417,7776,0,148,0,32943,15188
tuned_STREAM_Triad,4,3427772,7812,0,173,0,34446,12976
tuned_STREAM_Add,3,16690712,24684,0,510,3,104746,35559
tuned_STREAM_Triad,4,3440669,8134,0,167,0,35181,11036
tuned_STREAM_Triad,4,3445430,8040,0,174,0,35439,12425
tuned_STREAM_Copy,2,41268381,43190,0,1034,8,195986,83500
tuned_STREAM_Scale,3,15845185,17951,0,416,4,81189,35976
tuned_STREAM_Triad,4,3392108,8000,0,158,3,33114,13051
tuned_STREAM_Triad,4,3431600,7914,0,160,0,34766,12925
tuned_STREAM_Add,3,16712728,24550,0,503,3,104803,35893
tuned_STREAM_Triad,4,3442115,8024,0,175,3,35264,10978
tuned_STREAM_Triad,4,3452157,8051,0,161,0,35480,12504
tuned_STREAM_Copy,2,41347040,45386,0,1017,6,202959,83472
tuned_STREAM_Scale,3,15966241,20564,0,423,3,88128,35762
tuned_STREAM_Triad,4,3427574,8079,0,140,0,34243,16566
tuned_STREAM_Triad,4,3445744,8006,0,169,3,34914,12931
tuned_STREAM_Add,3,16734139,24545,0,495,3,105073,35834
tuned_STREAM_Triad,4,3449711,8075,0,167,0,35281,11201
tuned_STREAM_Triad,4,3453088,8002,0,158,3,35501,12545
tuned_STREAM_Copy,2,41285883,43674,0,1038,3,197703,83070
tuned_STREAM_Scale,3,15935035,19314,0,425,3,84627,35751
tuned_STREAM_Triad,4,3418437,8014,0,139,0,33800,14494
tuned_STREAM_Triad,4,3452471,8182,0,169,3,34842,12974
tuned_STREAM_Add,3,16657462,24073,0,499,0,103302,35524
tuned_STREAM_Triad,4,3429418,7816,0,169,0,34497,11183
tuned_STREAM_Triad,4,3445586,7973,0,158,0,35246,12326
tuned_STREAM_Copy,2,41325784,42705,0,1029,9,195624,83804
tuned_STREAM_Scale,3,15832448,17419,0,433,3,79644,36047
tuned_STREAM_Triad,4,3397181,8007,0,152,1,32723,12545
tuned_STREAM_Triad,4,3434590,7916,0,168,0,34751,12947
tuned_STREAM_Add,3,16765507,25038,0,500,6,106270,35979
tuned_STREAM_Triad,4,3447757,7955,0,169,5,35482,11496
tuned_STREAM_Triad,4,3463844,8102,0,158,0,35662,12401
tuned_STREAM_Copy,2,41324202,44318,0,1036,9,198949,83508
tuned_STREAM_Scale,3,15885899,19021,0,426,3,84140,35583
tuned_STREAM_Triad,4,3400831,7957,0,153,3,33611,13941
tuned_STREAM_Triad,4,3441594,8013,0,169,0,34701,12956
tuned_STREAM_Add,3,16772631,25012,0,503,5,105012,35922
tuned_STREAM_Triad,4,3465538,8050,0,162,0,35250,11107
tuned_STREAM_Triad,4,3453548,8154,0,163,4,35493,12523
tuned_STREAM_Copy,2,41309648,43071,0,1052,3,197363,83425
tuned_STREAM_Scale,3,15851180,18455,0,425,3,82903,35691
tuned_STREAM_Triad,4,3403463,7907,0,165,0,33411,13570
tuned_STREAM_Triad,4,3431207,8087,0,163,3,34761,12912
tuned_STREAM_Add,3,16746806,24297,0,511,0,104598,35842
tuned_STREAM_Triad,4,3450160,7936,0,171,0,35229,11003
tuned_STREAM_Triad,4,3462565,7988,0,172,0,35457,12508
tuned_STREAM_Copy,2,41263618,44129,0,1048,7,199105,83377
tuned_STREAM_Scale,3,15878928,19139,0,426,1,84295,35618
tuned_STREAM_Triad,4,3409837,8053,0,147,1,33630,14043
tuned_STREAM_Triad,4,3427805,8070,0,172,0,34790,12994
tuned_STREAM_Add,3,16746034,24703,0,520,3,104925,35804
tuned_STREAM_Triad,4,3448936,7969,0,168,1,35287,11281
tuned_STREAM_Triad,4,3467968,8135,0,181,0,35482,12435
tuned_STREAM_Copy,2,41311704,44233,0,1029,7,199376,83190
tuned_STREAM_Scale,3,15905599,19365,0,436,3,84970,35583
tuned_STREAM_Triad,4,3404697,8009,0,158,0,33772,14328
tuned_STREAM_Triad,4,3446302,8040,0,173,0,34714,13006
tuned_STREAM_Add,3,16714043,24576,0,491,4,104581,35786
tuned_STREAM_Triad,4,3445731,8060,0,166,3,35147,10961
tuned_STREAM_Triad,4,3452186,8061,0,168,0,35412,12554
tuned_STREAM_Copy,2,41328248,43408,0,1004,6,196873,83666
tuned_STREAM_Scale,3,15850280,17893,0,415,2,81149,35793
tuned_STREAM_Triad,4,3398897,7878,0,143,2,33012,12917
tuned_STREAM_Triad,4,3432817,8035,0,167,0,34662,13060
tuned_STREAM_Add,3,16754528,25269,0,486,4,105897,36014
tuned_STREAM_Triad,4,3441284,8101,0,159,0,35391,11326
tuned_STREAM_Triad,4,3461165,8124,0,160,3,35596,12493
tuned_STREAM_Copy,2,41270835,43432,0,1041,3,197167,83517
tuned_STREAM_Scale,3,15864790,18571,0,416,3,82420,35583
tuned_STREAM_Triad,4,3393120,8008,0,144,0,33239,13319
tuned_STREAM_Triad,4,3449074,8073,0,164,3,34755,13014
tuned_STREAM_Add,3,16742955,24575,0,525,0,104841,35893
tuned_STREAM_Triad,4,3465158,8078,0,163,0,35306,11270
tuned_STREAM_Triad,4,3448461,8037,0,177,0,35495,12498
tuned_STREAM_Copy,2,41275073,43699,0,1013,6,198509,83457
tuned_STREAM_Scale,3,15852982,18519,0,423,0,83114,35716
tuned_STREAM_Triad,4,3408350,8100,0,156,0,33521,13580
tuned_STREAM_Triad,4,3426709,8031,0,169,0,34783,12919
tuned_STREAM_Add,3,16728193,24823,0,491,4,105520,35876
tuned_STREAM_Triad,4,3441076,8011,0,176,1,35344,11173
tuned_STREAM_Triad,4,3452640,7916,0,153,0,35568,12434
tuned_STREAM_Copy,2,41337873,44606,0,1049,8,200760,83308
tuned_STREAM_Scale,3,15907753,19142,0,430,3,85096,35661
tuned_STREAM_Triad,4,3410790,8020,0,148,3,33771,14357
tuned_STREAM_Triad,4,3440893,7975,0,170,0,34723,12989
tuned_STREAM_Add,3,16782052,25167,0,507,4,105887,35752
tuned_STREAM_Triad,4,3442271,7997,0,173,3,35385,11045
tuned_STREAM_Triad,4,3464982,7965,0,166,0,35584,12404
tuned_STREAM_Copy,2,41316917,43322,0,1008,9,198052,83696
tuned_STREAM_Scale,3,15884095,18643,0,422,4,83135,35824
tuned_STREAM_Triad,4,3414107,8182,0,164,0,33782,14446
tuned_STREAM_Triad,4,3444955,8036,0,154,3,34841,12860
tuned_STREAM_Add,3,16737942,24395,0,495,4,105087,35917
tuned_STREAM_Triad,4,3446638,7938,0,156,0,35393,11299
tuned_STREAM_Triad,4,3461673,8117,0,171,3,35625,12474
tuned_STREAM_Copy,2,41408006,44320,0,1038,3,200236,83280
tuned_STREAM_Scale,3,15925647,19400,0,432,0,85119,35447
tuned_STREAM_Triad,4,3415241,8144,0,158,0,33829,14207
tuned_STREAM_Triad,4,3444799,8179,0,170,0,34777,12862
tuned_STREAM_Add,3,16748732,24670,0,504,3,105350,35802
tuned_STREAM_Triad,4,3445514,8016,0,173,1,35315,11151
tuned_STREAM_Triad,4,3459841,8061,0,171,0,35544,12464
tuned_STREAM_Copy,2,41232947,43607,0,1023,7,198021,83677
tuned_STREAM_Scale,3,15833224,18352,0,433,2,82518,35697
tuned_STREAM_Triad,4,3398174,8018,0,146,0,33361,13388
tuned_STREAM_Triad,4,3427066,8066,0,179,0,34720,13030
tuned_STREAM_Add,3,16760385,24976,0,493,4,105737,35999
tuned_STREAM_Triad,4,3452316,8039,0,167,3,35377,11301
tuned_STREAM_Triad,4,3453748,8076,0,156,0,35543,12546
tuned_STREAM_Copy,2,41296808,43072,0,999,9,196877,83610
tuned_STREAM_Scale,3,15855452,17882,0,416,4,81293,35781
tuned_STREAM_Triad,4,3398675,8064,0,133,3,33129,12910
tuned_STREAM_Triad,4,3433954,7946,0,169,0,34814,12971
tuned_STREAM_Add,3,16744566,24883,0,494,5,105791,35943
tuned_STREAM_Triad,4,3446599,7997,0,165,0,35366,11276
tuned_STREAM_Triad,4,3455694,8034,0,169,5,35553,12486
tuned_STREAM_Copy,2,41325825,44249,0,1029,4,198096,83497
tuned_STREAM_Scale,3,15857826,18584,0,412,4,82672,35616
tuned_STREAM_Triad,4,3405500,8073,0,153,0,33377,13283
tuned_STREAM_Triad,4,3430631,8130,0,152,3,34698,12910
tuned_STREAM_Add,3,16750638,25396,0,504,0,105692,35901
tuned_STREAM_Triad,4,3446850,8044,0,166,0,35345,11228
tuned_STREAM_Triad,4,3456849,8144,0,165,0,35529,12436
tuned_STREAM_Copy,2,41261735,43811,0,998,5,198163,83630
tuned_STREAM_Scale,3,15868883,18910,0,405,0,83218,35672
tuned_STREAM_Triad,4,3406919,8107,0,156,0,33439,13678
tuned_STREAM_Triad,4,3434638,8150,0,160,0,34724,13055
tuned_STREAM_Add,3,16723030,24619,0,500,3,105148,35961
tuned_STREAM_Triad,4,3442972,7978,0,169,1,35308,11266
tuned_STREAM_Triad,4,3455280,8043,0,160,0,35505,12537
tuned_STREAM_Copy,2,41373408,45500,0,969,7,203183,83205
tuned_STREAM_Scale,3,15961438,20759,0,398,4,88851,35601
tuned_STREAM_Triad,4,3427530,8092,0,134,4,34152,15757
tuned_STREAM_Triad,4,3434274,8136,0,164,0,34810,12922
tuned_STREAM_Add,3,16695071,24392,0,479,3,104570,35740
tuned_STREAM_Triad,4,3438586,7979,0,163,3,35242,11076
tuned_STREAM_Triad,4,3453728,8125,0,162,0,35445,12478
tuned_STREAM_Copy,2,41197844,42838,0,1044,8,196122,83379
tuned_STREAM_Scale,3,15853017,18386,0,429,4,82116,35785
tuned_STREAM_Triad,4,3406081,8147,0,160,0,33290,13518
tuned_STREAM_Triad,4,3427720,7986,0,173,4,34704,13081
tuned_STREAM_Add,3,16715583,24167,0,503,4,104252,35831
tuned_STREAM_Triad,4,3454186,8000,0,166,0,35183,10960
tuned_STREAM_Triad,4,3451750,8118,0,170,3,35451,12496
tuned_STREAM_Copy,2,41262820,42987,0,1030,6,196524,83714
tuned_STREAM_Scale,3,15846742,17829,0,429,0,81378,35751
tuned_STREAM_Triad,4,3400596,7912,0,150,0,33207,13077
tuned_STREAM_Triad,4,3432246,7998,0,168,0,34753,12951
tuned_STREAM_Add,3,16730268,24828,0,503,5,105249,36003
tuned_STREAM_Triad,4,3449782,8067,0,153,1,35298,11391
tuned_STREAM_Triad,4,3450495,8186,0,176,0,35554,12491
tuned_STREAM_Copy,2,41257391,43295,0,1027,6,197978,83495
tuned_STREAM_Scale,3,15853354,18713,0,432,2,83712,35602
tuned_STREAM_Triad,4,3398073,7920,0,162,0,33602,13681
tuned_STREAM_Triad,4,3430013,8156,0,169,0,34781,12960
tuned_STREAM_Add,3,16697430,24313,0,499,4,104451,35847
tuned_STREAM_Triad,4,3449815,8067,0,161,4,35316,10995
tuned_STREAM_Triad,4,3447892,8097,0,165,0,35499,12497
tuned_STREAM_Copy,2,41259956,42679,0,1012,5,197006,83507
tuned_STREAM_Scale,3,15846160,17680,0,405,3,81540,35823
tuned_STREAM_Triad,4,3409405,8030,0,145,3,33804,14176
tuned_STREAM_Triad,4,3435984,7999,0,162,0,34895,12715
tuned_STREAM_Add,3,16743532,24724,0,508,2,105619,35801
tuned_STREAM_Triad,4,3447618,7940,0,152,0,35338,11154
tuned_STREAM_Triad,4,3457987,7979,0,176,2,35599,12447
tuned_STREAM_Copy,2,41400245,44404,0,1033,2,200809,83505
tuned_STREAM_Scale,3,15898481,19046,0,435,2,84661,35606
tuned_STREAM_Triad,4,3412975,7983,0,156,0,33761,14031
tuned_STREAM_Triad,4,3435275,8038,0,155,2,34789,12961
tuned_STREAM_Add,3,16768955,24964,0,500,0,106338,35957
tuned_STREAM_Triad,4,3439716,7909,0,160,0,35504,11141
tuned_STREAM_Triad,4,3467253,8037,0,165,0,35660,12450
tuned_STREAM_Copy,2,41231275,42887,0,1032,8,197214,83453
tuned_STREAM_Scale,3,15868066,18488,0,421,2,83272,35666
tuned_STREAM_Triad,4,3406785,7928,0,151,1,33532,13515
tuned_STREAM_Triad,4,3430728,7931,0,171,0,34782,12994
tuned_STREAM_Add,3,16715385,24088,0,508,3,104209,35848
tuned_STREAM_Triad,4,3445260,7971,0,167,1,35221,10747
tuned_STREAM_Triad,4,3466912,8102,0,162,0,35474,12493
tuned_STREAM_Copy,2,41314230,44675,0,1035,5,201551,83324
tuned_STREAM_Scale,3,15941039,20024,0,409,2,86838,35603
tuned_STREAM_Triad,4,3426276,8130,0,159,0,34012,15192
tuned_STREAM_Triad,4,3437174,8005,0,150,0,34810,12885
tuned_STREAM_Add,3,16688887,24348,0,511,3,104844,35821
tuned_STREAM_Triad,4,3440948,7958,0,172,3,35232,10673
tuned_STREAM_Triad,4,3444309,8024,0,159,0,35458,12556
tuned_STREAM_Copy,2,41356993,43144,0,1025,5,197279,83538
tuned_STREAM_Scale,3,15858583,18589,0,419,2,82513,35729
tuned_STREAM_Triad,4,3401288,8080,0,148,2,33348,13383
tuned_STREAM_Triad,4,3438531,8115,0,166,0,34779,12944
tuned_STREAM_Add,3,16755752,24295,0,502,3,105004,35922
tuned_STREAM_Triad,4,3440446,7844,0,167,0,35297,11067
tuned_STREAM_Triad,4,3474931,8195,0,166,3,35538,12523
tuned_STREAM_Copy,2,41244281,42878,0,1066,4,196728,83496
tuned_STREAM_Scale,3,15865015,18310,0,442,4,82565,35653
tuned_STREAM_Triad,4,3404854,8015,0,154,0,33496,13734
tuned_STREAM_Triad,4,3435956,7982,0,175,3,34763,12936
tuned_STREAM_Add,3,16720659,24293,0,514,0,104263,35796
tuned_STREAM_Triad,4,3454304,7990,0,185,0,35199,11326
tuned_STREAM_Triad,4,3449136,7860,0,158,0,35076,12446
tuned_STREAM_Copy,2,41204328,40898,0,1030,6,191683,83523
tuned_STREAM_Scale,3,15765635,16437,0,421,1,77337,35972
tuned_STREAM_Triad,4,3375821,7965,0,156,1,32490,11552
tuned_STREAM_Triad,4,3437546,7818,0,168,0,34787,12763
tuned_STREAM_Add,3,16720100,24147,0,513,3,104542,35708
tuned_STREAM_Triad,4,3452360,7939,0,168,3,35196,11556
tuned_STREAM_Triad,4,3457682,7963,0,178,0,35416,12371
tuned_STREAM_Copy,2,41306628,44180,0,1019,7,199169,83442
tuned_STREAM_Scale,3,15876444,18712,0,421,3,83118,35712
tuned_STREAM_Triad,4,3400592,7969,0,145,3,33382,13604
tuned_STREAM_Triad,4,3439710,8165,0,176,0,34759,13066
tuned_STREAM_Add,3,16775994,25183,0,493,3,106159,35827
tuned_STREAM_Triad,4,3451014,8053,0,158,3,35440,11270
tuned_STREAM_Triad,4,3462323,8062,0,158,0,35608,12415
tuned_STREAM_Copy,2,41365849,43733,0,1009,6,199771,83668
tuned_STREAM_Scale,3,15890966,18613,0,411,3,83662,35869
tuned_STREAM_Triad,4,3406215,8086,0,149,0,33776,14077
tuned_STREAM_Triad,4,3448649,8068,0,166,3,34865,12923
tuned_STREAM_Add,3,16764804,24812,0,488,3,106387,35982
tuned_STREAM_Triad,4,3446453,7967,0,163,0,35509,11276
tuned_STREAM_Triad,4,3460288,7989,0,162,2,35683,12485
